0 1 2 77 73 170 49 50 51 52 53 43 55 54 58 59 60 61 68 67 167 70 87 85 86 83 84 69 66 65 64 56 57 62 63 88 153 154 89 90 91 94 96 97 165 163 99 98 95 92 93 166 108 107 106 105 100 102 103 117 118 119 120 121 122 123 162 101 104 114 113 164 127 126 125 124 129 128 130 135 138 139 140 6 7 8 9 10 76 74 75 11 12 18 19 20 158 32 36 157 33 31 30 28 29 16 17 37 38 39 40 156 34 35 41 155 42 45 44 46 47 48 168 72 78 82 79 80 81 3 4 5 169 111 112 132 133 134 141 131 115 116 136 137 146 145 143 144 147 148 149 161 160 151 14 13 24 15 159 21 22 23 26 27 25 150 152 142 110 109 71 0 3339 
0 1 2 77 73 170 49 50 51 52 53 43 55 54 58 59 60 61 68 67 167 70 87 85 86 93 166 108 83 84 69 66 63 64 56 57 62 65 88 153 154 89 90 91 94 96 97 165 163 99 98 95 92 107 106 105 100 102 103 117 118 119 120 121 122 123 162 101 104 114 113 164 127 126 125 136 137 138 139 140 141 6 7 8 9 10 76 74 75 11 12 18 19 20 158 32 36 157 33 31 30 28 29 16 17 21 22 23 26 27 24 25 150 160 151 152 142 143 144 147 148 149 161 14 15 159 13 37 38 39 40 156 34 35 41 155 42 45 44 46 47 48 168 72 78 82 79 80 81 3 4 5 169 111 112 132 133 110 109 115 116 146 145 124 129 128 130 135 134 131 71 0 3390 
0 1 2 77 73 170 49 50 51 52 53 43 55 54 58 59 60 61 68 67 167 70 87 85 86 83 84 71 66 63 64 56 57 62 69 65 88 153 154 89 90 91 94 96 97 165 163 99 100 102 103 117 118 119 120 121 122 123 162 101 98 95 92 93 166 108 107 106 105 104 114 113 164 127 126 125 136 137 147 148 149 161 152 151 14 13 17 21 22 23 26 27 28 29 30 31 35 41 155 42 45 44 46 47 48 168 72 78 82 79 80 81 111 112 132 133 134 131 115 116 124 129 128 130 135 138 139 140 141 6 7 8 9 10 76 74 75 11 12 18 19 20 158 32 36 157 33 34 156 40 39 38 37 24 15 159 16 25 150 160 142 143 146 145 144 110 109 3 4 5 169 0 3356 
0 1 2 77 73 170 49 50 51 52 53 43 55 54 58 59 60 61 68 67 167 70 87 85 86 83 84 69 66 63 64 56 57 62 65 88 153 154 89 90 91 94 96 97 165 163 99 100 102 103 117 118 119 120 121 122 123 162 101 98 95 92 93 166 108 107 106 105 104 114 113 164 127 126 125 136 137 138 139 140 134 141 6 7 8 9 10 76 74 75 11 12 18 19 20 158 32 36 157 41 155 42 45 46 47 48 168 72 78 82 79 80 81 3 4 5 169 111 110 109 115 116 124 129 128 130 135 146 145 144 143 147 148 149 161 14 13 17 21 22 23 26 27 28 29 30 31 33 44 71 35 34 156 40 39 38 37 24 15 159 16 25 150 160 151 152 142 131 132 133 112 0 3338 
0 80 79 82 78 72 71 60 61 68 67 167 70 87 85 86 83 84 69 66 63 64 56 57 62 65 88 153 154 89 90 91 94 96 97 165 163 99 100 102 103 117 118 119 120 121 122 123 162 101 98 95 92 93 166 108 107 106 105 104 114 113 164 127 126 125 129 128 130 135 138 139 140 141 6 7 8 9 10 76 74 75 11 12 18 19 20 158 32 21 22 23 26 27 28 29 30 31 33 34 156 40 39 38 35 36 157 41 155 44 46 47 48 49 170 73 77 1 2 3 4 5 169 111 112 132 133 134 131 110 109 115 116 124 136 137 146 145 144 143 147 148 149 161 152 142 15 159 16 17 24 25 150 160 151 14 13 37 42 45 50 51 52 53 43 55 54 58 59 168 81 0 3240 
0 1 2 77 73 170 49 50 51 52 53 43 55 54 58 59 60 61 68 67 167 70 87 85 86 93 166 108 83 84 69 66 63 64 56 57 62 65 88 153 154 89 90 91 94 96 97 165 163 99 98 95 104 114 113 164 127 126 125 118 119 120 121 122 123 162 101 100 102 103 117 124 129 128 130 135 138 139 140 141 6 7 8 9 10 76 74 75 11 12 18 19 20 158 32 31 33 34 156 40 39 38 35 36 157 41 155 44 42 45 46 47 48 168 72 78 82 79 80 81 3 4 5 169 111 112 132 133 134 115 116 146 145 144 143 147 137 136 148 149 161 14 13 17 21 22 23 26 27 28 29 30 24 15 159 16 25 150 160 151 152 142 131 110 109 107 106 105 92 71 37 0 3411 
0 1 2 77 73 170 49 50 51 52 53 43 55 54 58 59 60 61 68 67 167 70 87 85 86 83 84 69 66 63 65 64 56 57 62 88 153 154 89 90 91 94 96 97 99 98 95 92 93 166 107 106 105 165 163 100 102 103 117 118 119 120 121 122 123 162 101 104 114 113 164 127 126 125 129 128 130 135 138 139 140 141 6 7 8 9 10 76 74 75 11 12 18 19 20 158 32 21 22 23 26 27 28 29 30 31 33 34 156 40 39 38 37 35 36 157 41 155 42 45 44 46 47 48 168 72 78 82 79 80 81 3 4 5 169 111 110 109 108 71 112 132 133 134 115 116 124 146 145 144 143 161 142 152 151 14 13 17 24 15 159 16 25 150 160 149 148 147 137 136 131 0 3356 
0 1 2 77 73 170 49 50 51 52 53 43 55 54 58 59 60 61 68 67 167 70 87 85 86 83 84 69 66 63 64 56 57 62 65 88 153 154 89 90 91 94 96 97 165 163 99 98 95 92 93 166 108 107 106 105 104 114 113 164 127 126 125 124 129 128 130 135 138 139 140 141 6 7 8 9 10 76 74 75 11 12 18 19 20 158 32 36 157 33 31 30 28 29 16 17 21 22 23 26 27 24 15 159 13 37 38 39 40 156 34 41 155 45 44 46 47 48 168 72 78 82 79 80 81 3 4 5 169 111 112 132 133 134 142 152 151 160 150 149 148 144 143 147 137 136 146 145 14 25 161 131 110 109 115 116 102 103 117 118 119 120 121 122 123 162 101 100 71 35 42 0 3466 
0 112 132 133 134 141 6 7 8 9 10 76 74 75 11 12 18 19 20 158 32 36 157 33 31 30 28 29 26 23 22 27 24 15 159 16 37 38 39 40 156 34 35 41 155 42 45 44 46 47 48 51 52 53 43 55 54 58 59 60 61 68 67 167 70 87 85 86 83 84 69 66 63 64 56 57 62 93 166 108 107 106 105 97 165 163 99 98 95 92 91 154 89 90 88 153 94 96 104 114 113 164 127 126 125 124 129 128 130 135 138 139 140 131 115 116 117 118 119 120 121 122 123 162 102 103 100 101 136 137 146 145 144 143 147 148 149 161 142 152 151 160 150 25 14 13 17 21 49 170 73 77 1 2 3 4 5 169 111 110 109 65 71 50 168 72 78 82 79 80 81 0 3322 
0 1 2 77 73 170 49 50 51 52 53 43 55 54 58 59 60 61 68 67 167 70 87 85 86 93 166 108 83 84 69 66 65 64 56 57 62 63 88 153 154 89 90 91 94 96 97 99 98 95 165 163 100 102 103 117 118 119 120 121 122 123 162 101 104 114 113 164 127 126 125 124 129 128 130 135 138 139 140 142 152 151 14 13 17 32 158 36 157 41 155 45 46 47 48 168 72 78 82 79 80 81 111 112 132 133 134 141 6 7 8 9 10 76 74 75 11 12 18 19 20 21 22 23 26 27 28 29 30 31 33 34 156 40 39 38 37 35 42 44 159 16 24 15 25 161 160 150 149 148 144 143 147 137 136 146 145 131 115 116 110 109 107 106 105 92 71 3 4 5 169 0 3589 
