0 1 2 77 73 170 49 50 51 52 53 43 55 54 58 59 60 68 67 167 70 87 86 85 84 69 66 63 64 56 57 62 61 65 88 153 154 89 90 91 94 96 97 98 95 92 93 166 107 106 105 165 163 99 100 102 103 117 118 119 120 121 122 123 162 101 104 114 113 164 127 126 125 129 128 130 131 132 133 134 6 7 8 9 10 76 74 75 11 12 18 19 20 21 22 23 26 27 28 30 31 33 34 156 40 39 38 37 35 36 157 41 155 42 45 44 46 47 48 168 72 78 82 79 80 81 3 4 5 169 111 110 109 108 83 71 158 32 15 159 16 29 24 25 150 161 160 151 152 142 143 144 140 141 149 148 147 137 136 138 135 139 14 13 17 112 115 116 124 146 145 0 3522 
0 110 109 107 106 105 97 98 95 94 96 165 163 99 100 101 104 114 108 166 93 92 91 154 89 90 88 153 87 70 69 67 167 85 86 83 84 71 60 50 51 52 53 43 55 54 58 59 61 68 66 65 64 56 57 62 63 42 41 155 35 36 157 32 158 16 17 24 25 150 160 151 152 142 143 147 137 136 146 145 144 148 149 161 14 15 159 13 168 72 78 82 79 80 81 112 132 134 115 116 131 113 164 127 126 125 124 121 120 122 123 162 102 103 117 118 119 129 128 130 135 138 139 140 141 6 7 8 9 10 76 74 75 11 12 18 19 20 21 29 22 23 26 27 28 30 31 33 34 156 40 45 44 46 47 48 39 38 37 49 170 73 77 1 2 3 4 5 133 169 111 0 3325 
0 77 73 170 49 50 51 52 53 43 55 54 58 59 60 68 69 67 167 70 87 86 85 84 71 61 66 63 64 56 57 62 65 88 153 154 89 90 91 94 96 97 98 95 92 93 166 107 106 105 165 163 99 100 102 103 117 118 119 120 121 122 123 162 101 104 114 113 164 127 126 125 124 129 128 130 131 132 133 134 6 7 8 9 10 76 74 75 11 12 18 19 20 21 29 22 23 26 27 28 30 31 33 34 156 40 39 38 35 36 157 41 155 42 45 44 46 47 48 168 72 78 82 79 80 81 3 4 5 169 111 110 109 108 83 37 158 32 16 17 24 25 150 149 161 160 151 152 142 143 148 147 137 136 138 135 139 140 141 14 15 159 13 1 112 115 116 146 145 144 2 0 3463 
0 1 2 77 73 170 49 50 51 52 53 43 55 54 58 59 60 61 68 67 167 70 87 86 85 84 69 66 63 64 56 57 62 65 88 153 154 89 90 91 94 96 97 99 98 95 92 93 166 107 106 105 165 163 100 102 103 117 118 119 120 121 122 123 162 101 104 114 113 164 127 126 125 129 128 130 131 132 133 134 6 7 8 9 10 76 74 75 11 12 16 17 18 19 20 21 22 23 26 27 28 30 31 33 34 156 40 39 38 35 36 157 41 155 42 45 44 46 47 48 168 72 78 82 79 80 81 3 4 5 169 111 110 109 108 83 71 37 158 32 29 24 25 150 160 151 152 142 143 148 147 137 136 138 135 139 140 141 14 15 159 13 149 161 115 116 124 146 145 144 112 0 3494 
0 1 2 77 73 170 49 50 51 52 53 43 55 54 58 59 60 68 69 67 167 70 87 86 85 84 71 61 66 63 64 56 57 62 65 88 153 154 89 90 91 94 96 97 98 95 92 93 166 107 106 105 165 163 99 100 102 103 117 118 119 120 121 122 123 162 101 104 114 113 164 127 126 125 129 128 130 131 132 133 134 6 7 8 9 10 76 74 75 11 12 18 19 20 21 22 23 26 27 28 30 31 33 34 156 40 39 38 35 36 157 41 155 42 45 44 46 47 48 168 72 78 82 79 80 81 3 4 5 169 111 110 109 108 83 37 158 32 16 17 29 24 25 150 160 151 152 142 149 148 147 137 136 138 135 139 14 159 13 15 161 141 115 116 124 146 145 143 144 140 112 0 3500 
0 1 2 77 73 170 49 50 51 52 53 43 55 54 58 59 60 68 69 67 167 70 87 86 85 84 71 61 66 63 64 56 57 62 65 88 153 154 89 90 91 94 96 97 98 95 92 93 166 107 106 105 165 163 99 100 102 103 117 118 119 120 121 122 123 162 101 104 114 113 164 127 126 125 129 128 130 131 132 133 134 6 7 8 9 10 76 74 75 11 18 19 20 21 22 23 26 27 28 30 31 33 34 156 40 39 38 35 36 157 41 155 42 45 44 46 47 48 168 72 78 82 79 80 81 3 4 5 169 111 110 109 108 83 37 12 13 158 32 24 25 150 160 151 152 142 143 148 147 137 136 138 135 139 14 15 159 16 17 29 149 161 115 116 124 146 145 144 140 141 112 0 3491 
0 1 2 77 73 170 49 50 51 52 53 43 55 54 58 59 60 68 67 69 167 70 87 86 85 84 71 61 66 63 64 56 57 62 65 88 153 154 89 90 91 94 96 97 98 95 92 93 166 107 106 105 165 163 99 100 102 103 117 118 119 120 121 122 123 162 101 104 114 113 164 127 126 125 129 128 130 131 132 133 134 6 7 8 9 10 76 74 75 11 12 18 19 20 21 22 23 26 27 28 30 31 33 34 156 40 39 38 35 36 157 41 155 42 45 44 46 47 48 168 72 78 82 79 80 81 3 4 5 169 111 110 109 108 83 37 158 32 16 24 25 150 160 151 152 142 143 144 140 141 149 148 147 137 136 138 135 139 14 15 159 13 17 29 161 115 116 124 146 145 112 0 3570 
0 113 164 127 126 125 124 121 122 123 162 102 103 117 118 119 120 163 99 98 95 96 97 165 104 114 110 109 107 106 105 100 101 94 92 91 154 89 90 88 153 87 70 69 85 84 71 60 50 49 170 73 77 1 2 3 4 5 133 134 6 7 8 9 10 76 74 75 11 12 18 19 20 21 22 23 25 26 27 28 30 31 33 34 156 40 39 38 35 36 157 41 155 42 45 44 46 47 48 51 52 53 43 55 54 58 59 66 65 64 56 57 62 63 61 68 67 167 86 93 166 108 83 168 72 78 82 79 80 81 111 115 116 138 139 140 141 142 152 151 160 150 149 148 161 14 13 17 32 158 29 24 15 159 16 37 112 132 169 135 146 145 144 143 147 137 136 129 128 130 131 0 3580 
0 149 148 147 137 136 129 128 130 131 132 133 134 6 7 8 9 10 76 74 75 11 12 18 19 20 21 29 22 23 24 25 26 27 28 30 31 33 34 35 156 40 39 38 37 49 170 73 77 1 2 3 4 5 169 111 110 109 107 106 105 97 98 95 96 165 163 99 100 102 103 117 118 119 120 121 122 123 162 101 104 114 113 164 127 126 125 124 146 145 144 143 142 152 151 160 150 161 14 13 17 32 158 36 157 41 155 42 45 44 46 47 48 51 52 53 43 55 54 58 59 60 50 168 72 78 82 79 80 81 112 115 116 108 166 93 92 91 154 89 90 88 153 87 70 69 85 86 83 84 71 68 67 66 63 65 64 56 57 62 61 167 94 135 138 139 140 141 15 159 16 0 3416 
0 1 2 77 73 170 49 50 51 52 53 43 55 54 58 59 60 68 69 67 167 70 87 85 86 84 71 61 66 63 64 56 57 62 65 88 153 154 89 90 91 94 96 97 98 95 92 93 166 107 106 105 165 163 99 100 102 103 117 118 119 120 121 122 123 162 101 104 114 113 164 127 126 125 129 128 130 131 132 133 134 6 7 8 9 10 76 74 75 11 12 18 19 20 21 22 23 26 27 28 30 31 33 34 156 40 39 38 35 36 157 41 155 42 45 44 46 47 48 168 72 78 82 79 80 81 3 4 5 169 111 110 109 108 83 37 158 32 24 25 150 149 161 160 151 152 142 143 148 147 137 136 138 135 139 14 13 17 29 15 159 16 115 116 124 146 145 144 140 141 112 0 3505 
