0 77 73 170 49 50 51 52 53 43 55 54 58 59 60 61 68 69 67 167 70 87 86 85 84 66 63 64 56 57 62 65 88 153 154 89 90 91 94 96 97 99 98 95 92 93 166 107 106 105 165 163 100 102 103 117 118 119 120 121 122 123 162 101 104 114 113 164 127 126 125 129 128 130 131 112 132 133 134 6 7 8 9 10 76 74 75 11 12 13 18 19 20 21 22 23 26 27 28 30 31 33 34 156 40 39 38 35 36 157 41 155 42 45 44 46 47 48 168 72 78 82 79 80 81 3 4 5 169 111 110 109 108 83 71 37 158 32 15 159 16 17 29 24 25 150 161 160 151 14 152 142 143 144 140 141 149 148 147 137 136 138 135 139 115 116 124 146 145 2 1 0 3402 
0 77 73 170 49 50 51 52 53 43 55 54 58 59 60 61 68 67 167 70 87 86 85 84 69 66 63 64 56 57 62 65 88 153 154 89 90 91 94 96 97 98 95 92 93 166 107 106 105 165 163 99 100 102 103 117 118 119 120 121 122 123 162 101 104 114 113 164 127 126 125 129 128 130 131 132 112 133 134 6 7 8 9 10 76 74 75 11 12 13 17 18 19 20 21 22 23 26 27 28 30 31 33 34 156 40 39 38 35 36 157 41 155 42 45 44 46 47 48 168 72 78 82 79 80 81 3 4 5 169 111 110 109 108 83 71 37 158 32 15 159 16 29 24 25 150 161 160 14 151 152 142 143 144 140 141 149 148 147 137 136 138 135 139 115 116 124 146 145 1 2 0 3381 
0 1 2 77 73 170 49 50 51 52 53 43 55 54 58 59 60 68 67 69 167 70 87 86 85 84 71 61 66 63 64 56 57 62 65 88 153 154 89 90 91 94 96 97 98 95 92 93 166 107 106 105 165 163 99 100 102 103 117 118 119 120 121 122 123 162 101 104 114 113 164 127 126 125 129 128 130 131 132 133 134 6 7 8 9 10 76 74 75 11 12 13 18 19 20 21 29 22 23 26 27 28 30 31 33 34 156 40 39 38 35 36 157 41 155 42 45 44 46 47 48 168 72 78 82 79 80 81 3 4 5 169 111 110 109 108 83 37 158 32 15 159 16 17 24 25 150 161 160 151 14 152 142 143 144 140 149 148 147 137 136 138 135 139 141 115 116 124 146 145 112 0 3411 
0 110 109 108 83 69 85 71 73 170 49 50 51 52 53 43 55 54 58 59 60 61 68 67 167 70 87 86 84 66 63 64 56 57 62 65 88 153 154 89 90 91 94 96 97 98 95 92 93 166 107 106 105 165 163 99 100 102 103 117 118 119 120 121 122 123 162 101 104 114 113 164 127 126 125 129 128 130 131 132 133 134 6 7 8 9 10 76 74 75 11 12 18 19 20 157 42 41 155 35 36 37 158 32 16 17 29 23 24 25 150 160 151 152 142 143 136 137 138 135 139 140 141 115 116 124 146 145 144 147 148 149 161 14 15 159 13 21 22 26 27 28 30 31 33 34 156 40 39 38 45 44 46 47 48 168 72 78 82 79 80 81 77 1 2 3 4 5 169 112 111 0 3330 
0 3 4 5 133 134 6 7 8 9 10 76 74 75 11 12 18 19 20 21 29 22 23 26 27 28 30 31 33 34 156 40 39 38 37 35 36 157 41 155 42 45 44 46 47 48 51 52 53 43 55 54 58 59 68 66 63 64 56 57 62 61 65 86 93 166 108 83 84 71 60 168 72 78 82 79 80 81 111 113 115 116 124 129 128 130 131 132 169 112 135 138 139 140 152 151 160 150 149 148 147 137 136 146 145 144 143 14 13 17 32 158 24 15 159 16 25 161 142 141 164 127 126 125 102 103 117 118 119 120 121 122 123 162 101 100 163 99 98 95 96 97 165 104 114 110 109 107 106 105 94 92 91 154 89 90 88 153 87 70 69 67 167 85 50 49 170 73 77 1 2 0 3394 
0 109 108 83 84 71 60 50 49 170 73 77 1 2 3 4 5 133 134 6 7 8 9 10 76 74 75 11 12 18 19 20 21 29 22 23 25 26 27 28 30 31 33 34 156 40 39 38 35 36 157 41 155 42 45 44 46 47 48 51 52 53 43 55 54 58 59 68 67 167 70 87 86 85 69 66 63 64 56 57 62 61 65 88 153 154 89 90 91 94 96 97 98 95 92 93 166 107 106 105 165 163 99 100 102 103 117 118 119 120 121 122 123 162 101 104 114 113 164 127 126 125 129 128 130 131 132 169 111 110 115 116 124 136 137 147 138 139 140 141 152 151 160 150 161 142 149 148 144 143 14 13 17 32 158 24 15 159 16 37 168 72 78 82 79 80 81 112 135 146 145 0 3455 
0 77 73 170 49 50 51 52 53 43 55 54 58 59 68 69 67 167 70 87 86 85 84 71 60 61 66 63 64 56 57 62 65 88 153 154 89 90 91 94 96 97 98 95 92 93 166 107 106 105 165 163 99 100 102 103 117 118 119 120 121 122 123 162 101 104 114 113 164 127 126 125 129 128 130 131 132 133 134 6 7 8 9 10 76 74 75 11 12 18 19 20 21 29 22 23 26 27 28 30 31 33 34 156 40 39 38 35 36 157 41 155 42 45 44 46 47 48 168 72 78 82 79 80 81 3 4 5 169 111 112 110 109 108 83 37 13 17 158 32 15 159 16 24 25 150 149 161 160 151 14 152 142 143 148 147 137 136 138 135 139 141 115 116 124 146 145 144 140 2 1 0 3376 
0 77 73 170 49 50 51 52 53 43 55 54 58 59 60 61 68 67 167 70 87 86 85 84 69 66 63 64 56 57 62 65 88 153 154 89 90 91 94 96 97 98 95 92 93 166 107 106 105 165 163 99 100 102 103 117 118 119 120 121 122 123 162 101 104 114 113 164 127 126 125 129 128 130 131 132 112 133 134 6 7 8 9 10 76 74 75 11 12 13 17 18 19 20 21 29 22 23 26 27 28 30 31 33 34 156 40 39 38 35 36 157 41 155 42 45 44 46 47 48 168 72 78 82 79 80 81 3 4 5 169 111 110 109 108 83 71 37 158 32 24 25 150 160 151 152 142 143 144 140 141 149 148 147 137 136 138 135 139 14 15 159 16 161 115 116 124 146 145 2 1 0 3487 
0 77 73 170 49 50 51 52 53 43 55 54 58 59 60 68 67 167 70 87 86 85 84 69 66 63 64 56 57 62 61 65 88 153 154 89 90 91 94 96 97 98 95 92 93 166 107 106 105 165 163 99 100 102 103 117 118 119 120 121 122 123 162 101 104 114 113 164 127 126 125 129 128 130 131 132 133 134 6 7 8 9 10 76 74 75 11 12 13 18 19 20 21 22 23 26 27 28 30 31 33 34 156 40 39 38 35 36 157 41 155 42 45 44 46 47 48 168 72 78 82 79 80 81 3 4 5 169 111 110 109 108 83 71 158 32 29 24 25 150 161 160 151 152 142 149 148 147 137 136 138 135 139 140 141 14 15 159 16 17 37 112 115 116 124 146 145 144 143 2 1 0 3329 
0 10 76 74 75 11 12 18 19 20 21 29 22 23 25 26 27 28 30 31 33 34 156 40 39 38 35 36 157 41 155 42 45 44 46 47 48 51 52 53 43 55 54 58 59 66 63 65 64 56 57 62 61 68 85 86 93 166 108 83 168 72 78 82 79 80 81 111 113 164 127 126 125 129 128 130 131 132 169 112 115 116 124 136 137 138 135 139 140 141 152 151 160 150 161 149 148 144 143 147 146 145 142 14 13 17 32 158 24 15 159 16 37 110 107 106 105 97 98 95 94 96 165 163 99 100 102 103 117 118 119 120 121 122 123 162 101 104 114 109 92 91 154 89 90 88 153 87 70 69 67 167 84 71 60 50 49 170 73 77 1 2 3 4 5 133 134 6 7 8 9 0 3507 
