0 111 112 132 133 134 131 115 116 136 137 138 139 140 141 6 7 8 9 10 76 74 75 11 12 18 19 20 158 32 36 157 33 31 30 28 29 22 23 26 27 24 15 159 16 17 21 38 39 40 156 34 41 155 42 45 44 46 47 48 51 52 53 43 55 54 58 59 60 61 68 67 167 70 87 85 86 93 166 108 83 84 69 66 65 64 56 57 62 63 88 153 154 89 90 91 94 96 97 165 163 99 98 95 92 71 50 49 170 73 77 1 2 3 4 5 169 110 109 107 106 105 100 102 103 117 118 119 120 121 122 123 162 101 104 114 113 164 127 126 125 124 129 128 130 135 146 145 144 143 147 148 149 161 152 142 25 150 160 151 14 13 37 35 168 72 78 82 79 80 81 0 3205 
0 168 72 78 82 79 80 81 110 109 107 106 105 165 163 99 100 102 103 117 118 119 120 121 122 123 162 101 98 95 96 97 104 114 113 164 127 126 125 136 137 138 139 140 141 6 7 8 9 10 76 74 75 11 12 18 19 20 158 32 36 157 33 31 30 28 29 24 15 159 16 17 21 22 23 26 27 25 150 160 151 14 13 37 35 41 155 42 44 34 156 40 39 38 45 46 47 48 51 52 53 43 55 54 58 59 60 61 68 67 167 70 87 85 86 93 166 108 83 84 69 66 65 64 56 57 62 63 88 153 154 89 90 91 94 92 71 50 49 170 73 77 1 2 3 4 5 169 111 112 132 133 134 131 115 116 124 129 128 130 135 146 145 144 143 147 148 149 161 152 142 0 3201 
0 1 2 77 73 170 49 50 51 52 53 43 55 54 58 59 60 61 68 67 167 70 87 85 86 93 166 108 83 84 69 66 63 64 56 57 62 65 88 153 154 89 90 91 94 96 97 165 163 99 100 102 103 117 118 119 120 121 122 123 162 101 98 95 92 107 106 105 104 114 113 164 127 126 125 129 128 130 135 138 139 140 141 6 7 8 9 10 76 74 75 11 12 18 19 20 158 32 21 22 23 26 27 28 29 30 31 33 34 156 40 39 38 45 46 47 48 168 72 78 82 79 80 81 3 4 5 169 111 112 132 133 134 131 115 116 124 136 137 146 145 144 143 147 148 149 161 152 151 14 13 17 24 15 159 16 25 150 160 142 110 109 71 37 35 36 157 41 155 42 44 0 3303 
0 110 109 107 106 105 97 165 163 99 100 102 103 117 118 119 120 121 122 123 162 101 98 95 94 96 104 114 113 164 127 126 125 136 137 138 139 140 141 6 7 8 9 10 76 74 75 11 12 18 19 20 158 32 36 157 33 31 30 28 29 22 23 26 24 15 159 16 17 21 37 38 39 40 156 34 41 155 45 46 47 48 51 52 53 43 55 54 58 59 60 61 68 67 167 70 87 85 86 93 166 108 83 84 69 66 63 65 64 56 57 62 92 91 154 89 90 88 153 71 50 49 170 73 77 1 2 3 4 5 169 111 112 132 133 134 131 115 116 124 129 128 130 135 146 145 144 143 147 148 149 161 152 142 14 25 150 160 151 13 27 35 42 44 168 72 78 82 79 80 81 0 3200 
0 1 2 77 73 170 49 50 51 52 53 43 55 54 58 59 60 61 68 67 167 70 87 85 86 93 166 108 83 84 69 66 63 64 56 57 62 65 88 153 154 89 90 91 94 96 97 165 163 99 100 102 103 117 118 119 120 121 122 123 162 101 98 95 92 107 106 105 104 114 113 164 127 126 125 136 129 128 130 135 138 139 140 141 6 7 8 9 10 76 74 75 11 12 18 19 20 158 32 36 157 33 31 30 28 29 16 17 21 22 23 26 24 15 159 13 37 35 34 156 40 39 38 45 46 47 48 168 72 78 82 79 80 81 111 112 132 133 134 131 115 116 124 137 146 145 144 143 142 152 151 14 147 148 149 161 160 150 25 27 41 155 42 44 3 4 5 169 110 109 71 0 3375 
0 50 49 170 73 77 1 2 3 4 5 169 111 112 132 133 134 131 115 116 124 129 128 130 135 138 139 140 141 6 7 8 9 10 76 74 75 11 12 18 19 20 158 32 36 157 33 31 30 28 29 22 23 26 24 15 159 16 17 21 37 38 39 40 156 34 35 41 155 42 45 46 47 48 51 52 53 43 55 54 58 59 60 61 68 67 167 70 87 85 86 93 166 108 83 84 69 66 65 64 56 57 62 63 88 153 154 89 90 91 94 96 97 165 163 99 100 102 103 117 118 119 120 121 122 123 162 101 98 95 92 107 106 105 104 114 113 164 127 126 125 136 137 146 145 144 143 147 148 149 161 152 151 14 13 27 25 150 160 142 110 109 71 44 168 72 78 82 79 80 81 0 3282 
0 2 77 73 170 49 50 51 52 53 43 55 54 58 59 60 61 68 67 167 70 87 85 86 83 84 69 66 63 64 56 57 62 65 88 153 154 89 90 91 94 96 97 165 163 99 98 95 92 93 166 108 107 106 105 100 102 103 117 118 119 120 121 122 123 162 101 104 114 113 164 127 126 125 129 128 130 135 138 139 140 141 6 7 8 9 10 76 74 75 11 12 18 19 20 158 32 36 157 33 31 30 28 29 24 15 159 16 17 21 22 23 26 27 25 150 160 151 14 13 37 42 44 34 156 40 39 38 35 41 155 45 46 47 48 168 72 78 82 79 80 81 3 4 5 169 111 112 132 133 134 131 115 116 124 146 145 144 143 152 142 136 137 147 148 149 161 110 109 71 1 0 3359 
0 111 112 132 133 134 131 115 116 124 129 128 130 135 146 145 144 143 147 148 149 161 152 142 151 14 13 17 32 158 36 157 33 34 156 40 39 38 37 49 170 73 77 1 2 3 4 5 169 110 109 107 106 105 97 165 163 99 100 102 103 117 118 119 120 121 122 123 162 101 98 95 92 91 154 89 88 153 87 85 86 93 166 108 83 84 71 60 61 68 67 167 70 69 66 63 64 56 57 62 65 90 94 96 104 114 113 164 127 126 125 136 137 138 139 140 141 6 7 8 9 10 76 74 75 11 12 18 19 20 21 22 23 26 27 28 29 30 31 35 155 45 44 46 47 48 51 52 53 43 55 54 58 59 50 168 72 78 82 79 80 81 42 41 24 15 159 16 25 150 160 0 3338 
0 15 159 16 24 25 150 149 161 160 148 147 136 129 128 130 135 138 139 140 141 134 6 7 8 9 10 76 74 75 11 12 18 19 20 21 22 23 26 27 28 29 30 31 33 34 156 40 39 38 35 36 157 41 155 42 45 44 46 47 48 51 52 53 43 55 54 58 59 60 61 68 67 167 70 69 66 63 65 64 56 57 62 94 96 97 165 163 99 100 102 103 117 118 119 120 121 122 123 162 101 98 95 92 91 154 89 90 88 153 87 85 86 93 166 108 83 84 71 50 49 170 73 77 1 2 3 4 5 133 169 111 112 132 110 109 107 106 105 104 114 113 164 127 126 125 124 137 146 145 144 143 142 152 151 14 13 17 32 158 37 168 72 78 82 79 80 81 115 116 131 0 3327 
0 1 2 77 73 170 49 50 51 52 53 43 55 54 58 59 60 61 68 67 167 70 87 85 86 93 166 108 83 84 69 66 63 64 56 57 62 65 88 153 154 89 90 91 94 96 97 165 163 99 100 102 103 117 118 119 120 121 122 123 162 101 98 95 104 114 113 164 127 126 125 129 128 130 135 138 139 140 141 6 7 8 9 10 76 74 75 11 12 18 19 20 158 32 36 157 33 31 30 28 29 27 26 23 24 15 159 16 21 22 25 150 160 151 14 13 17 42 44 37 38 39 40 156 34 35 41 155 45 46 47 48 168 72 78 82 79 80 81 3 4 5 169 111 112 132 133 134 131 115 116 124 136 137 146 145 144 143 147 148 149 161 152 142 110 109 107 106 105 92 71 0 3287 
