0 1 2 77 73 170 49 50 51 52 53 43 55 54 58 59 60 61 68 67 167 70 87 85 86 83 84 71 66 65 64 56 57 62 63 88 153 154 89 90 91 94 96 97 99 98 95 92 93 166 108 107 106 105 165 163 100 102 103 117 118 119 120 121 122 123 162 101 104 114 109 113 164 127 126 125 124 129 128 130 131 132 133 134 141 6 7 8 9 10 76 74 75 11 12 18 19 20 21 22 23 26 27 28 29 30 31 33 34 156 40 39 38 37 35 36 157 41 155 42 45 44 46 47 48 168 72 78 82 79 80 81 3 4 5 169 111 110 69 158 32 17 16 24 25 150 160 151 152 142 143 144 140 149 148 147 137 136 138 135 139 14 13 15 159 161 115 116 146 145 112 0 3923 
0 1 2 77 73 170 49 50 51 52 53 43 55 54 58 59 60 61 68 67 167 70 87 85 86 83 84 69 66 65 64 56 57 62 63 88 153 154 89 90 91 94 96 97 165 163 99 98 95 92 93 166 108 107 106 105 100 102 103 117 118 119 120 121 122 123 162 101 104 114 109 113 164 127 126 125 124 129 136 137 138 139 140 6 7 8 9 10 76 74 75 11 12 18 19 20 158 32 36 157 33 31 30 28 29 16 17 21 22 23 26 27 34 156 40 39 38 37 35 41 155 42 45 44 46 47 48 168 72 78 82 79 80 81 3 4 5 169 111 112 132 133 134 141 131 110 115 116 146 145 144 143 147 148 149 161 142 152 14 15 159 13 24 25 150 160 151 128 130 135 71 0 3555 
0 1 2 77 73 170 49 50 51 52 53 43 55 54 58 59 60 61 68 67 167 70 87 85 86 83 84 69 93 166 108 92 91 154 89 90 88 153 94 96 97 165 163 99 98 95 107 106 105 100 102 103 117 118 119 120 121 122 123 162 101 104 114 115 116 136 129 128 130 135 138 139 140 6 7 8 9 10 76 74 75 11 12 18 19 20 158 32 21 22 23 26 27 28 29 30 31 33 34 156 40 39 38 35 36 157 41 155 42 45 46 47 48 168 72 78 82 79 80 81 3 4 5 169 111 112 132 133 110 109 71 66 65 64 56 57 62 63 16 17 24 25 150 160 151 152 142 141 134 131 113 164 127 126 125 124 137 146 145 148 144 143 147 149 161 14 15 159 13 37 44 0 3630 
0 1 2 77 78 82 79 80 81 3 4 5 169 111 112 132 133 134 141 6 7 8 9 10 76 74 75 11 12 18 19 20 158 32 37 23 26 27 28 29 30 31 33 34 156 40 39 38 35 36 157 41 155 42 45 46 47 48 51 52 53 43 55 54 58 59 60 61 68 67 167 70 87 85 86 83 84 71 66 65 64 56 57 62 63 88 153 154 89 90 91 94 96 97 99 98 95 92 93 166 107 106 105 165 163 100 102 103 117 118 119 120 121 122 123 162 101 104 114 109 113 164 127 126 125 124 129 128 130 135 138 139 140 143 144 147 137 136 146 145 148 149 161 14 13 16 17 22 21 24 15 159 25 150 160 151 152 142 115 116 131 110 108 69 50 49 170 73 44 168 72 0 3718 
0 1 2 77 73 170 49 50 51 52 53 43 55 54 58 59 60 61 68 67 167 70 87 85 86 83 84 71 66 65 64 56 57 62 63 88 153 154 89 90 91 94 96 97 99 98 95 92 93 166 108 107 106 105 165 163 100 102 103 117 118 119 120 121 122 123 162 101 104 114 109 113 164 127 126 125 124 129 128 130 131 132 133 134 141 6 7 8 9 10 76 74 75 11 12 18 19 20 21 22 23 26 27 28 29 30 31 33 34 156 40 39 38 37 35 36 157 41 155 42 45 44 46 47 48 168 72 78 82 79 80 81 3 4 5 169 111 110 69 158 32 17 16 24 25 150 160 151 152 142 143 144 140 149 148 147 137 136 138 135 139 14 13 15 159 161 115 116 146 145 112 0 3923 
0 1 2 77 73 170 49 50 51 52 53 43 55 54 58 59 60 61 68 67 167 70 87 85 86 93 166 108 92 91 154 89 90 88 153 69 66 65 64 56 57 62 63 42 41 155 45 44 46 47 48 168 72 78 82 79 80 81 3 4 5 169 111 110 109 107 106 105 97 165 163 99 98 95 94 96 100 102 103 117 118 119 120 121 122 123 162 101 104 114 113 164 127 126 125 136 137 138 139 140 6 7 8 9 10 76 74 75 11 12 18 19 20 21 22 23 26 27 28 29 30 31 33 34 156 40 39 38 37 35 36 157 32 158 16 24 25 150 160 151 14 13 17 15 159 161 152 142 141 134 131 132 133 115 116 146 145 143 144 149 148 147 135 124 129 128 130 112 83 84 71 0 3636 
0 78 167 70 87 85 86 83 84 71 60 50 49 170 73 77 1 2 3 4 5 133 134 141 6 7 8 9 10 76 74 75 11 12 18 19 20 21 22 23 26 27 28 29 30 31 33 34 156 40 39 38 37 35 36 157 41 155 42 45 44 46 47 48 51 52 53 43 55 54 58 59 61 68 67 69 66 65 64 56 57 62 63 88 153 154 89 90 91 94 96 97 99 98 95 92 93 166 108 107 106 105 165 163 100 102 103 117 118 119 120 121 122 123 162 101 104 114 109 113 164 127 126 125 124 129 128 130 131 132 111 110 115 116 136 137 138 135 139 140 142 152 151 160 150 25 149 148 147 144 143 14 13 17 32 158 16 24 15 159 168 72 82 79 80 81 112 169 146 145 161 0 3850 
0 1 2 77 73 170 49 50 51 52 53 43 55 54 58 59 60 61 68 67 167 70 87 85 86 83 84 69 66 65 64 56 57 62 63 88 153 154 89 90 91 94 96 97 165 163 99 98 95 92 93 166 108 107 106 105 100 102 103 117 118 119 120 121 122 123 162 101 104 114 115 116 124 129 128 130 131 132 133 134 141 6 7 8 9 10 76 74 75 11 12 18 19 20 158 32 37 35 36 157 41 155 42 44 46 47 48 168 72 78 82 79 80 81 111 112 110 109 113 164 127 126 125 135 139 140 142 152 151 160 14 13 17 21 22 23 26 27 28 29 30 31 33 34 156 40 39 38 45 3 4 5 169 136 137 138 146 145 144 143 147 148 149 161 150 25 24 15 159 16 71 0 3619 
0 3 4 5 169 111 112 132 133 134 131 113 164 127 126 125 124 129 128 130 135 139 140 6 7 8 9 10 76 74 75 11 12 18 19 20 158 32 29 30 31 33 34 156 40 39 38 37 35 36 157 41 155 42 45 44 46 47 48 51 52 53 43 55 54 58 59 60 61 68 67 167 70 87 85 86 83 84 71 66 65 64 56 57 62 63 88 153 154 89 90 91 94 96 97 165 163 99 98 95 92 93 166 108 107 106 105 100 102 103 117 118 119 120 121 122 123 162 101 104 114 115 116 146 145 144 143 147 137 136 138 148 149 161 14 13 17 24 25 150 160 151 152 142 141 15 159 16 21 22 23 26 27 28 50 49 170 73 77 1 2 110 109 69 168 72 78 82 79 80 81 0 3461 
0 1 2 77 73 170 49 50 51 52 53 43 55 54 58 59 60 61 68 67 167 70 87 85 86 83 84 69 66 65 64 56 57 62 63 88 153 154 89 90 91 94 96 97 99 98 95 92 93 166 108 107 106 105 165 163 100 102 103 117 118 119 120 121 122 123 162 101 104 114 113 164 127 126 125 124 129 128 130 135 138 139 140 142 152 151 14 13 17 18 19 20 21 22 23 26 27 28 29 30 31 33 34 156 40 39 38 37 75 11 10 76 74 12 35 36 157 41 155 42 45 44 46 47 48 168 72 78 82 79 80 81 3 4 5 169 111 110 109 131 132 133 134 141 6 7 8 9 158 32 16 24 15 159 161 160 150 25 149 148 144 143 147 137 136 115 116 146 145 112 71 0 3810 
