0 1 2 77 73 170 49 50 51 52 53 43 55 54 58 59 60 61 68 67 167 70 87 86 85 84 69 66 63 64 56 57 62 65 88 153 154 89 90 91 94 96 97 98 95 92 93 166 107 106 105 165 163 99 100 102 103 117 118 119 120 121 122 123 162 101 104 114 113 164 127 126 125 129 128 130 131 132 133 134 6 7 8 9 10 76 74 75 11 12 18 19 20 21 22 23 26 27 28 30 31 33 34 156 40 39 38 35 36 157 41 155 42 45 44 46 47 48 168 72 78 82 79 80 81 3 4 5 169 111 110 109 108 83 71 37 158 32 29 15 159 13 17 16 24 25 150 161 160 14 151 142 149 148 147 137 136 138 135 139 140 115 116 124 146 145 144 143 152 141 112 0 3344 
0 1 2 77 73 170 49 50 51 52 53 43 55 54 58 59 60 61 68 67 167 70 87 86 85 84 69 66 64 56 57 62 63 65 88 153 154 89 90 91 94 96 97 98 95 92 93 166 107 106 105 165 163 99 100 102 103 117 118 119 120 121 122 123 162 101 104 114 113 164 127 126 125 129 128 130 131 132 133 134 6 7 8 9 10 76 74 75 11 12 18 19 20 21 22 23 26 27 28 30 31 33 34 156 40 39 38 35 36 157 41 155 42 45 44 46 47 48 168 72 78 82 79 80 81 3 4 5 169 111 110 109 108 83 71 37 158 32 15 159 13 17 29 16 24 25 150 160 14 151 149 161 152 142 143 148 147 137 136 138 135 139 115 116 124 146 145 144 140 141 112 0 3399 
0 77 73 170 49 50 51 52 53 43 55 54 58 59 60 68 69 67 167 70 87 86 85 84 71 61 66 63 64 56 57 62 65 88 153 154 89 90 91 94 96 97 98 95 92 93 166 107 106 105 165 163 99 100 102 103 117 118 119 120 121 122 123 162 101 104 114 113 164 127 126 125 129 128 130 131 132 112 133 134 6 7 8 9 10 76 74 75 11 18 19 20 21 22 23 26 27 28 30 31 33 34 156 40 39 38 35 157 41 155 42 45 44 46 47 48 168 72 78 82 79 80 81 3 4 5 169 111 110 109 108 83 37 158 32 36 12 13 17 29 24 25 150 160 151 152 142 143 144 148 147 137 136 138 135 139 141 14 15 159 16 149 161 115 116 124 146 145 140 2 1 0 3545 
0 1 2 77 73 170 49 50 51 52 53 43 55 54 58 59 60 68 67 69 167 70 87 85 86 84 71 61 66 63 64 56 57 62 65 88 153 154 89 90 91 94 96 97 98 95 92 93 166 107 106 105 165 163 99 100 102 103 117 118 119 120 121 122 123 162 101 104 114 113 164 127 126 125 129 128 130 131 132 133 134 6 7 8 9 10 76 74 75 11 12 13 18 19 20 21 22 23 26 27 28 30 31 33 34 156 40 39 38 35 36 157 41 155 42 45 44 46 47 48 168 72 78 82 79 80 81 3 4 5 169 111 110 109 108 83 37 158 32 159 16 17 29 24 25 150 160 151 152 142 149 148 147 137 136 138 135 139 141 14 15 161 115 116 124 146 145 144 143 140 112 0 3465 
0 1 2 77 73 170 49 50 51 52 53 43 55 54 58 59 60 68 69 67 167 70 87 86 85 84 71 61 66 63 64 56 57 62 65 88 153 154 89 90 91 94 96 97 99 98 95 92 93 166 107 106 105 165 163 100 102 103 117 118 119 120 121 122 123 162 101 104 114 113 164 127 126 125 129 128 130 131 132 133 134 6 7 8 9 10 76 74 75 11 12 13 18 19 20 21 22 23 26 27 28 30 31 33 34 156 40 39 38 35 36 157 41 155 42 45 44 46 47 48 168 72 78 82 79 80 81 3 4 5 169 111 110 109 108 83 37 158 32 29 15 159 16 17 24 25 150 14 160 151 152 142 143 148 147 137 136 138 135 139 149 161 115 116 124 146 145 144 140 141 112 0 3475 
0 77 73 170 49 50 51 52 53 43 55 54 58 59 60 61 68 67 167 70 87 86 85 84 69 66 64 56 57 62 63 65 88 153 154 89 90 91 94 96 97 98 95 92 93 166 107 106 105 165 163 99 100 102 103 117 118 119 120 121 122 123 162 101 104 114 113 164 127 126 125 129 128 130 131 132 133 134 6 7 8 9 10 76 74 75 11 12 18 19 20 21 22 23 26 27 28 30 31 33 34 156 40 39 38 35 36 157 41 155 42 45 44 46 47 48 168 72 78 82 79 80 81 3 4 5 169 112 111 110 109 108 83 71 37 158 32 15 159 16 17 24 25 150 160 151 152 142 143 144 140 141 149 148 147 137 136 138 135 139 14 13 29 161 115 116 124 146 145 2 1 0 3568 
0 1 2 77 73 170 49 50 51 52 53 43 55 54 58 59 60 68 67 167 70 87 86 84 66 63 64 56 57 62 61 65 88 153 154 89 90 91 94 96 97 98 95 92 93 166 107 106 105 165 163 99 100 102 103 117 118 119 120 121 122 123 162 101 104 114 113 164 127 126 125 129 128 130 131 132 133 134 6 7 8 9 10 76 74 75 11 12 18 19 20 21 22 23 26 27 28 30 31 33 34 156 40 39 38 35 36 157 41 155 42 45 44 46 47 48 168 72 78 82 79 80 81 3 4 5 169 111 110 109 108 83 69 85 71 158 32 29 16 24 25 150 149 161 160 151 152 142 143 144 148 147 137 136 138 135 139 140 141 14 15 159 13 17 37 112 115 116 124 146 145 0 3472 
0 1 2 77 73 170 49 50 51 52 53 43 55 54 58 59 60 68 67 167 70 87 86 84 71 61 66 63 64 56 57 62 65 88 153 154 89 90 91 94 96 97 98 95 92 93 166 107 106 105 165 163 99 100 102 103 117 118 119 120 121 122 123 162 101 104 114 113 164 127 126 125 129 128 130 131 132 133 134 6 7 8 9 10 76 74 75 11 12 13 17 18 19 20 21 29 22 23 26 27 28 30 31 33 34 156 40 39 38 35 36 157 41 155 42 45 44 46 47 48 168 72 78 82 79 80 81 3 4 5 169 111 110 109 108 83 69 85 37 158 32 15 159 16 24 25 150 161 160 14 151 152 142 149 148 147 137 136 138 135 139 115 116 124 146 145 143 144 140 141 112 0 3350 
0 1 2 77 73 170 49 50 51 52 53 43 55 54 58 59 60 61 68 67 167 70 87 86 85 84 69 66 63 64 56 57 62 65 88 153 154 89 90 91 94 96 97 99 98 95 92 93 166 107 106 105 165 163 100 102 103 117 118 119 120 121 122 123 162 101 104 114 113 164 127 126 125 129 128 130 131 132 133 134 6 7 8 9 10 76 74 75 11 12 18 19 20 21 22 23 26 27 28 30 31 33 34 156 40 39 38 35 36 157 41 155 42 45 44 46 47 48 168 72 78 82 79 80 81 3 4 5 169 111 110 109 108 83 71 37 158 32 16 17 29 24 25 150 161 160 151 152 142 149 148 147 137 136 138 135 139 140 14 15 159 13 112 115 116 124 146 145 144 143 141 0 3393 
0 1 2 77 73 170 49 50 51 52 53 43 55 54 58 59 60 61 68 67 167 70 87 86 85 84 69 66 65 64 56 57 62 63 88 153 154 89 90 91 94 96 97 99 98 95 92 93 166 107 106 105 165 163 100 102 103 117 118 119 120 121 122 123 162 101 104 114 113 164 127 126 125 129 128 130 131 132 133 134 6 7 8 9 10 76 74 75 11 12 16 17 18 19 20 21 22 23 26 27 28 30 31 33 34 156 40 39 38 35 36 157 41 155 42 45 44 46 47 48 168 72 78 82 79 80 81 3 4 5 169 111 110 109 108 83 71 37 158 32 24 25 150 160 151 152 142 143 148 147 137 136 138 135 139 141 14 15 159 13 29 149 161 115 116 124 146 145 144 140 112 0 3533 
