0 1 2 77 73 170 49 50 51 52 53 43 55 54 58 59 60 61 68 67 167 70 87 85 86 83 84 69 66 65 64 56 57 62 63 88 153 154 89 90 91 94 96 97 99 98 95 92 93 166 108 107 106 105 165 163 100 102 103 117 118 119 120 121 122 123 162 101 104 114 164 127 126 125 136 137 138 139 140 141 6 7 8 9 10 76 74 75 11 12 18 19 20 158 32 36 157 33 31 30 28 29 22 23 26 27 34 156 40 39 38 45 46 47 48 168 72 78 82 79 80 81 3 4 5 169 111 112 132 133 134 131 113 115 116 124 129 128 130 135 146 145 144 143 147 148 149 161 142 152 151 14 13 17 21 15 159 16 24 25 150 160 37 35 41 155 42 44 110 109 71 0 3437 
0 2 3 4 5 169 111 112 132 133 134 141 6 7 8 9 10 76 74 75 11 12 18 19 20 158 32 16 24 15 159 21 22 23 26 27 28 29 30 31 33 34 156 40 39 38 37 35 36 157 41 155 42 45 44 46 47 48 51 52 53 43 55 54 58 59 60 61 68 67 167 70 87 85 86 83 84 71 50 49 170 73 77 1 110 109 107 106 105 97 165 163 99 98 95 96 104 114 113 164 127 126 125 124 129 128 130 135 138 139 140 142 152 151 160 150 25 149 148 144 143 147 137 136 146 145 14 13 17 161 131 115 116 100 102 103 117 118 119 120 121 122 123 162 101 94 92 91 154 89 90 88 153 93 166 108 69 66 65 64 56 57 62 63 168 72 78 82 79 80 81 0 3450 
0 81 111 110 109 107 106 105 97 165 163 99 100 102 103 117 118 119 120 121 122 123 162 101 98 95 92 93 166 108 71 50 49 170 73 77 1 2 168 72 78 82 79 80 3 4 5 169 112 132 133 134 141 6 7 8 9 10 76 74 75 11 12 18 19 20 158 32 36 157 33 31 30 28 29 21 22 23 26 27 24 15 159 16 38 39 156 40 44 34 37 35 41 155 42 45 46 47 48 51 52 53 43 55 54 58 59 60 61 68 67 167 70 87 85 86 83 84 69 66 65 64 56 57 62 63 88 153 154 89 90 91 94 96 104 114 113 164 127 126 125 129 128 130 135 138 139 140 142 152 151 14 13 17 161 160 150 25 149 148 147 137 136 146 145 144 143 131 115 116 124 0 3438 
0 1 2 77 78 82 79 80 81 3 4 5 169 111 112 132 133 134 131 115 116 124 129 128 130 135 138 139 140 6 7 8 9 10 76 74 75 11 12 18 19 20 158 32 36 157 31 33 34 156 40 39 38 37 35 41 155 42 45 44 46 47 48 51 52 53 43 55 54 58 59 60 61 68 67 167 70 87 85 86 93 166 108 69 66 65 64 56 57 62 63 88 153 154 89 90 91 94 96 97 165 163 99 98 95 100 102 103 117 118 119 120 121 122 123 162 101 104 114 113 164 127 126 125 136 137 147 148 149 161 14 13 17 21 22 23 26 27 28 29 30 24 15 159 16 25 150 160 151 152 142 143 144 146 145 141 110 109 107 106 105 92 83 84 71 50 49 170 168 72 73 0 3352 
0 110 109 107 106 105 97 165 163 99 100 102 103 117 118 119 120 121 122 123 162 101 98 95 92 91 154 89 90 88 153 69 66 63 64 56 57 62 65 94 96 104 114 113 164 127 126 125 124 129 128 130 135 138 139 140 141 6 7 8 9 10 76 74 75 11 12 18 19 20 158 32 21 22 23 26 27 28 29 30 31 33 34 156 40 39 38 37 35 36 157 41 155 45 46 47 48 51 52 53 43 55 54 58 59 60 61 68 67 167 70 87 85 86 93 166 108 83 84 71 50 49 170 73 77 1 2 3 4 5 169 111 112 132 133 134 131 115 116 146 145 144 143 147 137 136 148 149 161 152 151 14 13 17 24 25 150 160 142 15 159 16 42 44 168 72 78 82 79 80 81 0 3239 
0 165 163 99 98 95 96 97 104 114 113 164 127 126 125 118 119 120 121 122 123 162 101 100 102 103 117 124 129 128 130 135 138 139 140 6 7 8 9 10 76 74 75 11 12 18 19 20 21 22 23 26 27 28 29 30 31 33 34 156 40 39 38 35 36 157 32 158 16 24 15 159 25 150 160 151 152 142 141 134 131 132 133 169 111 110 109 107 106 105 94 92 91 154 89 90 88 153 87 85 86 93 166 108 83 84 69 66 65 64 56 57 62 63 42 41 155 45 44 46 47 48 51 52 53 43 55 54 58 59 60 61 68 67 167 70 71 50 49 170 73 77 1 2 3 4 5 112 115 116 136 137 146 145 144 143 147 148 149 161 14 13 17 37 168 72 78 82 79 80 81 0 3335 
0 1 2 77 73 170 49 50 51 52 53 43 55 54 58 59 60 61 68 67 167 70 87 85 86 93 166 108 83 84 69 66 63 64 56 57 62 65 88 153 154 89 90 91 94 96 97 165 163 99 98 95 92 107 106 105 100 102 103 117 118 119 120 121 122 123 162 101 104 114 115 116 128 130 135 138 139 140 141 6 7 8 9 10 76 74 75 11 12 18 19 20 158 32 36 157 41 155 35 34 156 40 39 38 37 3 4 5 169 111 112 132 133 134 131 113 164 127 126 125 124 129 136 137 146 145 144 143 147 148 149 161 152 142 15 159 16 24 25 150 160 151 14 13 17 21 22 23 26 27 28 29 30 31 33 42 45 44 46 47 48 168 72 78 82 79 80 81 110 109 71 0 3241 
0 1 2 77 78 82 79 80 81 111 112 132 133 134 131 113 164 127 126 125 124 129 136 137 138 139 140 141 6 7 8 9 10 76 74 75 11 12 18 19 20 158 32 31 30 28 29 27 26 23 22 16 17 21 24 15 159 37 35 34 156 40 39 38 44 46 47 48 49 170 168 72 3 4 5 169 110 109 71 50 51 52 53 43 55 54 58 59 60 61 68 67 167 70 87 85 86 93 166 108 83 84 69 66 63 64 56 57 62 65 88 153 154 89 90 91 94 96 97 165 163 99 100 102 103 117 118 119 120 121 122 123 162 101 98 95 92 107 106 105 104 114 115 116 128 130 135 146 145 144 143 142 152 147 148 149 161 25 150 160 151 14 13 36 157 33 41 155 42 45 73 0 3336 
0 1 2 77 78 82 79 80 81 111 112 132 133 134 131 115 116 124 129 128 130 135 138 139 140 141 6 7 8 9 10 76 74 75 11 12 18 19 20 158 32 36 157 33 31 30 28 29 22 23 24 15 159 16 17 21 26 27 25 150 160 151 14 152 142 13 37 38 39 40 156 34 45 44 46 47 48 51 52 53 43 55 54 58 59 60 61 68 67 167 70 87 85 86 83 84 69 66 65 64 56 57 62 63 88 153 154 89 90 91 94 96 97 99 100 102 103 117 118 119 120 121 122 123 162 101 104 114 113 164 127 126 125 136 137 146 145 144 143 147 148 149 161 3 4 5 169 110 109 107 106 105 165 163 98 95 92 93 166 108 71 50 49 170 168 72 73 35 41 155 42 0 3331 
0 1 2 77 73 170 49 50 51 52 53 43 55 54 58 59 60 61 68 67 167 70 87 85 86 83 84 69 66 63 64 56 57 62 65 88 153 154 89 90 91 94 96 97 165 163 99 98 95 92 93 166 108 107 106 105 104 114 113 164 127 126 125 124 121 120 122 123 162 102 103 117 118 119 129 128 130 135 138 139 140 141 6 7 8 9 10 76 74 75 11 12 18 19 20 158 32 36 157 33 31 30 28 29 27 26 23 22 21 34 156 40 39 38 35 41 155 42 45 46 47 48 168 72 78 82 79 80 81 111 112 132 133 134 131 115 116 100 101 136 137 146 145 144 143 147 148 149 161 142 152 151 160 150 25 14 13 17 24 15 159 16 37 44 3 4 5 169 110 109 71 0 3446 
