0 119 120 121 122 123 162 101 100 102 103 117 118 163 99 98 95 96 97 165 104 114 113 164 127 126 125 124 129 128 130 131 132 133 134 141 6 7 8 9 10 76 74 75 11 12 18 19 20 21 22 23 26 27 28 29 30 31 33 34 156 40 39 38 37 35 36 157 41 155 42 45 46 47 48 51 52 53 43 55 54 58 59 60 61 68 67 167 70 87 85 86 83 84 71 50 49 170 73 77 1 2 3 4 5 169 111 110 109 107 106 105 94 92 91 154 89 90 88 153 93 166 108 69 66 65 64 56 57 62 63 44 168 72 78 82 79 80 81 112 115 116 136 137 138 139 140 142 152 151 14 13 17 32 158 24 15 159 16 25 150 161 160 149 148 147 135 146 145 144 143 0 3540 
0 132 133 169 111 110 109 107 106 105 165 163 99 100 102 103 117 118 119 120 121 122 123 162 101 98 95 92 93 166 108 83 84 71 60 61 68 67 167 70 87 85 86 69 66 63 56 57 62 64 65 88 153 154 89 90 91 94 96 97 104 114 113 164 127 126 125 124 129 128 130 135 138 139 140 141 6 7 8 9 10 76 74 75 11 12 18 19 20 158 32 36 157 33 31 30 28 29 22 23 26 27 24 15 159 16 37 38 39 40 156 34 35 41 155 42 45 44 46 47 48 51 52 53 43 55 54 58 59 50 49 170 73 77 1 2 3 4 5 112 115 116 136 137 147 148 144 143 142 152 151 14 13 17 21 25 150 160 149 161 146 145 134 131 78 82 79 80 81 168 72 0 3361 
0 59 60 61 68 67 167 70 87 85 86 93 166 108 83 84 69 66 63 64 56 57 62 65 88 153 154 89 90 91 94 96 97 165 163 99 100 102 103 117 118 119 120 121 122 123 162 101 104 114 113 164 127 126 125 129 128 130 135 138 139 140 141 6 7 8 9 10 76 74 75 11 12 18 19 20 158 32 36 157 33 31 30 28 29 24 15 159 16 17 21 22 23 26 27 25 150 160 151 14 13 37 34 156 40 39 38 35 41 155 44 42 45 46 47 48 49 170 73 77 1 2 3 4 5 169 111 110 109 107 106 105 98 95 92 71 50 51 52 53 43 55 54 58 168 72 78 82 79 80 81 112 132 133 134 131 115 116 124 136 137 147 148 149 161 152 142 143 146 145 144 0 3401 
0 1 2 77 73 170 49 50 51 52 53 43 55 54 58 59 60 61 68 67 167 70 87 85 86 83 84 69 66 65 64 56 57 62 63 88 153 154 89 90 91 94 96 97 165 163 99 98 95 92 93 166 108 107 106 105 100 102 103 117 118 119 120 121 122 123 162 101 104 114 113 164 127 126 125 124 129 128 130 135 138 139 140 141 6 7 8 9 10 76 74 75 11 12 18 19 20 21 32 158 36 157 33 31 30 28 29 22 23 26 27 16 17 37 38 39 40 156 34 35 41 155 45 44 46 47 48 168 72 78 82 79 80 81 3 4 5 169 111 112 132 133 134 131 115 116 136 137 146 145 144 143 147 148 149 161 14 13 24 15 159 25 150 160 151 152 142 110 109 71 42 0 3463 
0 1 2 77 78 82 79 80 81 3 4 5 169 111 112 132 133 134 131 113 164 127 126 125 124 129 128 130 135 138 139 140 6 7 8 9 10 76 74 75 11 12 18 19 20 158 32 36 157 33 31 30 28 29 22 23 26 24 15 159 13 17 37 38 39 40 156 34 35 41 155 42 45 44 46 47 48 51 52 53 43 55 54 58 59 60 61 68 67 167 70 87 85 86 83 84 69 66 65 64 56 57 62 63 88 153 154 89 90 91 94 96 97 165 163 100 102 103 117 118 119 120 121 122 123 162 101 104 114 109 107 106 105 99 98 95 92 93 166 108 71 73 170 49 50 168 72 110 115 116 136 137 146 145 144 143 147 148 149 161 160 151 14 16 21 27 25 150 152 142 141 0 3316 
0 1 2 77 73 170 49 50 51 52 53 43 55 54 58 59 60 61 68 67 167 70 87 85 86 83 84 69 66 65 64 56 57 62 63 88 153 154 89 90 91 94 96 97 165 163 100 102 103 117 118 119 120 121 122 123 162 101 104 114 113 164 127 126 125 124 129 136 137 138 139 140 6 7 8 9 10 76 74 75 11 12 18 19 20 21 22 23 26 27 28 29 30 31 32 158 36 157 33 34 156 40 39 38 37 35 41 155 42 45 44 46 47 48 168 72 78 82 79 80 81 3 4 5 169 111 112 132 133 134 141 131 115 116 146 145 144 143 147 148 149 161 160 151 14 13 17 24 15 159 16 25 150 152 142 135 128 130 110 109 107 106 105 99 98 95 92 93 166 108 71 0 3319 
0 82 79 80 81 111 110 109 107 106 105 97 99 98 95 96 165 163 100 102 103 117 118 119 120 121 122 123 162 101 104 114 113 164 127 126 125 124 129 128 130 135 138 139 140 6 7 8 9 10 76 74 75 11 12 13 17 18 19 20 158 32 36 157 33 31 30 28 29 16 37 49 170 73 77 1 2 3 4 5 133 134 141 131 132 169 112 115 116 136 137 146 145 144 143 148 147 149 161 14 142 152 151 160 150 25 26 23 22 21 27 24 15 159 38 39 40 156 34 35 41 155 42 45 44 46 47 48 51 52 53 43 55 54 58 59 60 61 68 67 167 70 87 85 86 83 84 69 66 65 64 56 57 62 63 88 153 154 89 90 91 94 92 93 166 108 71 50 168 72 78 0 3373 
0 142 152 151 14 13 32 158 36 157 33 31 34 156 40 39 38 37 49 170 73 77 1 2 3 4 5 169 111 110 109 107 106 105 97 99 98 95 96 165 104 114 113 164 127 126 125 118 119 120 121 122 123 162 102 103 163 100 101 94 92 91 154 89 90 88 153 87 85 86 83 84 69 66 63 62 61 68 67 167 70 65 64 56 57 93 166 108 71 50 51 52 53 43 55 54 58 59 60 35 41 155 45 44 46 47 48 168 72 78 82 79 80 81 112 132 133 134 131 115 116 117 124 129 128 130 135 138 139 140 141 6 7 8 9 10 76 74 75 11 12 18 19 20 21 22 23 26 27 28 29 30 24 15 159 16 17 25 150 160 148 149 161 143 147 137 136 146 145 144 42 0 3616 
0 1 2 77 73 170 49 50 51 52 53 43 55 54 58 59 60 61 68 67 167 70 87 85 86 83 84 71 66 63 64 56 57 62 69 65 88 153 154 89 90 91 94 96 97 165 163 99 98 95 92 93 166 108 107 106 105 100 102 103 117 118 119 120 121 122 123 162 101 104 114 113 164 127 126 125 129 136 137 138 139 140 141 6 7 8 9 10 76 74 75 11 12 18 19 20 158 32 36 157 33 31 30 28 29 24 25 150 160 151 14 13 17 16 15 159 21 22 23 26 27 34 156 40 39 38 37 35 41 155 42 45 44 46 47 48 168 72 78 82 79 80 81 3 4 5 169 111 112 132 133 134 131 115 116 124 135 128 130 110 109 146 145 147 148 149 161 152 142 143 144 0 3472 
0 1 2 77 73 170 49 50 51 52 53 43 55 54 58 59 60 61 68 67 167 70 87 85 86 83 84 71 66 63 64 56 57 62 69 65 88 153 154 89 90 91 94 96 97 99 100 102 103 117 118 119 120 121 122 123 162 101 98 95 92 93 166 108 107 106 105 165 163 104 114 113 164 127 126 125 136 129 128 130 135 138 139 140 141 6 7 8 9 10 76 74 75 11 12 18 19 20 158 32 31 33 34 156 40 39 38 35 36 157 41 155 42 45 46 47 48 168 72 78 82 79 80 81 3 4 5 169 111 112 132 133 134 131 115 116 124 146 145 144 143 142 152 151 160 150 25 24 15 159 110 109 137 147 148 149 161 14 13 21 22 23 26 27 28 29 30 16 17 37 44 0 3511 
