0 1 2 77 73 170 49 50 51 52 53 43 55 54 58 59 60 61 68 67 167 70 87 85 86 83 84 69 66 65 64 56 57 62 63 88 153 154 89 90 91 94 96 97 165 163 99 98 95 92 93 166 108 107 106 105 104 114 113 164 127 126 125 124 121 120 122 123 162 102 103 117 118 119 129 128 130 135 138 139 140 141 6 7 8 9 10 76 74 75 11 12 18 19 20 158 32 36 157 33 31 30 28 29 22 23 26 27 34 156 40 39 38 37 21 24 15 159 16 25 150 160 151 152 142 143 144 147 137 136 146 145 148 149 161 14 13 17 35 41 155 42 45 44 46 47 48 168 72 78 82 79 80 81 3 4 5 169 111 110 109 115 116 100 101 71 112 134 131 132 133 0 3527 
0 133 169 111 110 109 107 106 105 98 95 92 93 166 108 71 50 49 170 73 77 1 2 3 4 5 134 141 6 7 8 9 10 76 74 75 11 12 18 19 20 21 22 23 26 27 28 29 30 31 33 34 156 40 39 38 35 36 157 41 155 42 45 44 46 47 48 51 52 53 43 55 54 58 59 60 61 68 67 167 70 87 85 86 83 84 69 66 63 64 56 57 62 65 88 153 154 89 90 91 94 96 97 165 163 99 100 102 103 117 118 119 120 121 122 123 162 101 104 114 113 164 127 126 125 124 129 136 137 146 145 144 143 147 148 149 150 160 15 159 16 24 25 161 131 132 112 115 116 128 130 135 138 139 140 142 152 151 14 13 17 32 158 37 168 72 78 82 79 80 81 0 3221 
0 1 2 77 73 170 49 50 51 52 53 43 55 54 58 59 60 61 68 67 167 70 87 85 86 83 84 69 66 63 64 56 57 62 65 88 153 154 89 90 91 94 96 97 165 163 99 100 102 103 117 118 119 120 121 122 123 162 101 98 95 92 93 166 108 107 106 105 104 114 113 164 127 126 125 129 128 130 135 138 139 140 141 6 7 8 9 10 76 74 75 11 12 18 19 20 158 32 21 22 23 26 27 28 29 30 31 33 34 156 40 39 38 35 36 157 41 155 42 45 46 47 48 168 72 78 82 79 80 81 111 112 115 116 124 136 137 146 145 144 143 142 152 151 14 13 17 24 15 159 16 25 150 160 149 148 147 161 134 3 4 5 169 110 109 131 132 133 71 37 44 0 3521 
0 1 2 77 73 170 49 50 51 52 53 43 55 54 58 59 60 61 68 67 167 70 87 85 86 83 84 69 66 65 64 56 57 62 63 88 153 154 89 90 91 94 96 97 165 163 99 100 102 103 117 118 119 120 121 122 123 162 101 104 114 113 164 127 126 125 136 137 138 139 140 141 6 7 8 14 13 37 38 39 156 34 35 36 157 33 31 30 24 15 159 16 17 25 150 160 151 152 142 143 144 147 148 149 161 135 146 145 134 9 10 76 74 75 11 12 18 19 20 158 32 21 22 23 26 27 28 29 40 41 155 42 45 44 46 47 48 168 72 78 82 79 80 81 3 4 5 169 111 112 115 116 124 129 128 130 131 132 133 110 109 107 106 105 98 95 92 93 166 108 71 0 3447 
0 1 2 77 73 170 49 50 51 52 53 43 55 54 58 59 60 61 68 67 167 70 87 85 86 83 84 69 66 65 64 56 57 62 63 88 153 154 89 90 91 94 96 97 165 163 99 100 102 103 117 118 119 120 121 122 123 162 101 98 95 92 93 166 107 106 105 104 114 113 164 127 126 125 129 128 130 135 138 139 140 141 6 7 8 9 10 76 74 75 11 12 18 19 20 158 32 36 157 33 31 30 28 29 22 23 26 15 159 16 17 21 27 24 25 150 160 151 14 13 34 156 40 39 38 37 35 41 155 45 46 47 48 168 72 78 82 79 80 81 111 112 132 133 134 131 115 116 124 136 137 146 145 144 143 147 148 149 161 152 142 3 4 5 169 110 109 108 71 42 44 0 3374 
0 118 119 120 121 122 123 162 102 103 117 163 99 98 95 96 97 165 104 114 113 164 127 126 125 129 128 130 135 138 139 140 141 6 7 8 9 10 76 74 75 11 12 18 19 20 158 32 31 33 34 156 40 39 38 35 36 157 41 155 45 46 47 48 51 52 53 43 55 54 58 59 60 61 68 67 167 70 87 85 86 83 84 71 50 49 170 73 77 1 2 3 4 5 169 111 112 132 133 134 131 115 116 124 146 145 144 143 142 152 151 14 13 17 21 22 23 26 27 28 29 30 24 15 159 16 25 150 161 160 149 148 147 137 136 110 109 107 106 105 100 101 94 92 91 154 89 90 88 153 93 166 108 69 66 65 64 56 57 62 63 42 44 37 168 72 78 82 79 80 81 0 3356 
0 111 112 132 133 134 131 113 164 127 126 125 124 121 120 122 123 162 102 103 117 118 119 129 128 130 135 138 139 140 141 6 7 8 9 10 76 74 75 11 12 18 19 20 158 32 36 157 33 34 156 40 39 38 37 21 22 23 26 27 28 29 30 31 41 155 42 45 46 47 48 51 52 53 43 55 54 58 59 60 61 68 67 167 70 87 85 86 93 166 108 92 91 154 89 88 153 69 66 65 64 56 57 62 63 90 94 96 97 165 163 99 98 95 104 114 115 116 136 137 147 148 149 161 14 13 17 24 25 150 160 151 152 142 143 144 146 145 15 159 16 35 44 49 170 73 77 1 2 3 4 5 169 110 109 107 106 105 100 101 83 84 71 50 168 72 78 82 79 80 81 0 3515 
0 1 2 77 73 170 49 50 51 52 53 43 55 54 58 59 60 61 68 67 167 70 87 85 86 93 166 108 83 84 69 66 63 64 56 57 62 65 88 153 154 89 90 91 94 96 97 165 163 99 98 95 92 107 106 105 104 114 113 164 127 126 125 124 121 120 122 123 162 101 100 102 103 117 118 119 129 128 130 135 138 139 140 141 6 7 8 9 10 76 74 75 11 12 18 19 20 158 32 36 157 33 31 30 28 29 24 15 159 16 17 27 26 23 22 25 150 160 151 14 13 21 37 38 39 40 156 34 35 41 155 45 46 47 48 168 72 78 82 79 80 81 3 4 5 169 111 112 132 133 134 131 115 116 136 137 147 148 144 149 161 152 142 143 146 145 110 109 71 42 44 0 3471 
0 111 112 132 133 134 131 115 116 136 137 138 139 140 6 7 8 9 10 76 74 75 11 12 18 19 20 21 22 23 26 27 28 29 30 31 33 34 156 40 39 38 37 49 170 73 77 1 2 3 4 5 169 110 109 107 106 105 165 163 99 100 102 103 117 118 119 120 121 122 123 162 101 104 114 113 164 127 126 125 124 129 128 130 135 146 145 144 143 147 148 149 161 160 150 25 24 15 159 16 35 42 44 141 142 152 151 14 13 17 32 158 36 157 41 155 45 46 47 48 51 52 53 43 55 54 58 59 60 61 68 67 167 70 87 85 86 93 166 108 83 84 69 66 63 64 56 57 62 65 88 153 154 89 90 91 94 96 97 98 95 92 71 50 168 72 78 82 79 80 81 0 3346 
0 1 2 77 73 170 49 50 51 52 53 43 55 54 58 59 60 61 68 67 167 70 87 85 86 83 84 69 66 65 64 56 57 62 63 88 153 154 89 90 91 94 96 97 165 163 99 98 95 92 93 166 108 107 106 105 104 114 113 164 127 126 125 124 121 120 122 123 162 102 103 117 118 119 129 128 130 135 138 139 140 141 6 7 8 9 10 76 74 75 11 12 18 19 20 158 32 31 30 28 29 16 17 21 22 23 26 27 34 156 40 39 38 35 36 157 33 41 155 42 45 44 46 47 48 168 72 78 82 79 80 81 3 4 5 169 111 112 132 133 134 131 115 116 100 101 136 137 147 148 149 161 160 151 14 15 159 13 24 25 150 152 142 143 144 146 145 110 109 71 37 0 3496 
