0 25 1 9 33 27 28 2 41 43 42 22 40 47 26 10 11 8 32 6 3 24 4 29 30 5 31 7 23 12 46 36 14 16 45 20 38 18 17 13 34 35 15 19 44 39 21 37 0 1930 
0 25 1 9 33 27 28 3 24 4 30 29 2 41 43 22 40 47 26 42 19 44 15 35 34 13 23 12 32 7 31 5 6 10 8 11 37 18 17 46 36 14 16 45 39 21 20 38 0 1923 
0 25 1 9 33 27 28 3 24 29 30 5 6 10 8 11 37 38 18 17 46 36 14 16 45 39 19 44 15 35 23 34 13 12 32 7 31 4 2 41 43 22 40 47 26 42 21 20 0 1962 
0 25 41 43 42 22 40 47 26 1 9 33 27 2 28 3 24 4 29 30 5 31 6 10 8 11 37 38 18 17 12 32 7 23 34 13 46 36 35 14 15 16 45 39 19 44 21 20 0 1826 
0 10 11 8 9 29 30 5 31 7 23 34 13 46 36 14 35 16 45 20 38 18 17 12 32 6 24 4 3 33 27 28 2 41 43 42 22 40 47 26 1 25 37 19 44 15 39 21 0 1919 
0 25 1 9 33 27 3 24 4 29 30 5 6 10 8 11 37 38 18 17 12 32 34 13 46 36 14 16 45 39 21 40 47 26 42 28 2 41 43 22 20 19 44 15 35 23 7 31 0 1985 
0 25 46 36 14 16 45 20 38 37 18 17 13 34 35 15 19 44 39 21 40 47 26 22 41 43 42 1 11 8 9 33 27 2 28 3 24 4 29 30 5 31 7 23 12 32 6 10 0 1912 
0 25 1 9 33 3 4 29 30 5 6 10 8 11 37 38 18 17 46 36 14 16 45 39 19 44 15 35 23 34 13 12 32 7 31 24 27 28 2 41 43 22 40 47 26 42 21 20 0 1976 
0 25 1 9 33 27 28 3 24 4 29 30 5 6 10 8 11 37 38 18 17 36 14 16 45 39 21 40 47 26 42 19 44 15 35 34 13 46 23 12 32 7 31 2 41 43 22 20 0 1902 
0 25 1 9 33 3 24 29 30 5 6 10 8 11 37 38 18 17 46 36 35 14 16 45 39 21 20 19 44 15 13 34 23 12 32 7 31 4 27 28 2 41 43 42 22 40 47 26 0 1934 
