0 9 33 27 2 28 3 24 4 29 30 5 6 8 32 7 31 10 11 18 17 46 36 14 16 45 20 38 37 39 21 40 47 26 22 41 43 42 19 44 15 35 23 34 13 12 25 1 0 2098 
0 25 1 9 33 27 28 3 24 4 29 30 5 6 10 11 8 32 7 31 18 17 34 13 46 36 14 16 45 20 38 37 47 26 22 19 44 15 35 23 12 2 41 43 42 39 21 40 0 2165 
0 25 10 7 23 34 13 46 19 44 15 16 45 20 38 18 17 36 14 35 12 32 6 24 4 3 33 27 28 2 41 43 42 22 40 47 26 1 37 39 21 9 29 30 5 31 8 11 0 2219 
0 25 18 17 46 36 14 35 23 34 13 12 32 7 31 5 4 3 33 27 28 2 41 43 42 22 40 47 26 1 9 24 29 30 6 10 8 11 37 19 44 15 16 45 39 21 20 38 0 1922 
0 25 1 9 33 27 2 28 3 24 4 29 30 5 8 32 7 31 6 10 11 18 17 46 36 14 16 45 20 38 37 47 22 41 43 42 19 44 15 23 12 13 34 35 39 21 40 26 0 2063 
0 25 1 9 33 27 2 28 3 24 4 29 30 5 6 8 32 7 31 10 11 18 17 46 36 14 16 45 20 38 37 40 47 26 22 41 43 42 19 44 15 23 12 13 34 35 39 21 0 2072 
0 25 9 33 27 2 28 3 24 4 29 30 5 31 6 10 11 8 32 7 23 12 13 46 36 14 16 45 20 18 17 34 35 15 19 44 39 21 40 47 26 22 41 43 42 1 37 38 0 1892 
0 25 13 34 35 15 16 45 20 38 37 18 17 46 36 14 23 12 32 6 24 4 3 33 27 28 2 41 43 22 40 47 26 42 19 44 39 21 1 9 29 30 7 31 5 10 8 11 0 2093 
0 25 1 9 33 27 28 3 24 4 29 30 5 6 10 11 8 32 7 31 18 17 13 34 46 36 14 16 45 20 38 37 47 26 42 19 44 15 35 23 12 2 41 43 22 39 21 40 0 2165 
0 25 10 11 8 32 6 24 4 3 33 27 28 2 41 43 42 22 40 47 26 1 9 29 30 5 31 7 23 12 13 46 36 14 16 45 20 38 18 17 34 35 15 19 44 39 21 37 0 1999 
