0 25 1 9 33 27 28 3 24 4 29 30 5 6 10 8 11 37 38 18 17 36 14 16 45 39 19 44 15 35 34 13 46 23 12 32 7 31 2 41 43 22 40 47 26 42 21 20 0 2019 
0 25 1 9 33 27 28 3 24 4 29 30 5 6 10 8 11 37 38 18 17 46 36 14 16 45 39 19 44 15 35 34 13 23 12 32 7 31 2 42 21 40 47 26 22 41 43 20 0 1995 
0 25 1 9 33 27 3 24 4 29 30 31 5 6 10 8 11 37 38 18 17 13 46 36 14 16 45 20 12 32 7 23 34 35 15 19 44 39 21 40 47 26 22 41 43 42 2 28 0 1970 
0 25 1 9 33 27 3 24 4 29 30 5 6 10 8 11 37 38 18 17 13 34 46 36 14 16 45 39 19 44 21 40 47 26 42 28 2 41 43 22 20 15 35 23 12 32 7 31 0 1957 
0 25 1 9 33 27 28 3 24 4 30 5 6 10 8 11 37 38 18 17 13 46 36 14 16 45 39 19 44 15 35 34 23 12 32 7 31 29 2 41 43 22 40 47 26 42 21 20 0 1959 
0 25 1 9 33 27 3 24 4 29 30 5 31 7 23 34 13 46 36 35 14 15 16 45 20 38 18 17 12 32 6 10 8 11 37 39 19 44 21 42 28 2 41 43 22 40 47 26 0 1903 
0 25 1 9 33 27 28 3 24 4 29 30 5 6 10 8 11 37 38 18 17 46 36 14 35 13 34 23 12 32 7 31 2 41 43 22 40 47 26 42 19 44 15 16 45 39 21 20 0 1914 
0 25 37 38 18 45 39 19 44 21 20 11 8 10 9 33 27 28 3 4 30 5 31 7 23 34 13 46 36 14 35 15 16 17 12 32 6 24 29 2 41 43 22 40 47 26 42 1 0 1950 
0 25 1 9 33 27 28 3 24 4 29 30 5 6 10 8 11 37 38 18 17 13 46 36 14 16 45 39 19 44 15 35 34 23 12 32 7 31 2 41 43 22 40 47 26 42 21 20 0 1958 
0 25 37 38 18 17 13 46 36 14 16 45 39 19 44 21 20 11 8 10 9 29 30 5 31 7 23 34 35 15 12 32 6 24 4 3 33 27 28 2 41 43 22 40 47 26 42 1 0 1974 
