0 25 37 15 35 23 34 13 12 32 6 24 4 3 33 27 28 2 41 43 42 22 19 44 39 21 40 47 26 1 9 29 30 7 31 5 10 8 11 18 17 46 36 14 16 45 20 38 0 2083 
0 25 18 12 32 6 3 24 4 29 30 5 31 9 33 27 28 2 41 43 42 22 40 47 26 1 37 39 21 10 11 8 7 23 35 19 44 15 17 13 34 46 36 14 16 45 20 38 0 2090 
0 25 13 34 23 12 32 7 31 5 4 3 9 33 27 28 2 41 43 22 40 47 26 42 19 44 39 21 1 10 24 29 30 6 8 11 18 17 46 36 35 14 15 16 45 20 38 37 0 2020 
0 25 18 17 36 14 16 45 20 38 37 47 42 28 2 41 43 22 19 44 15 35 23 12 34 13 46 39 21 40 26 1 9 33 27 3 24 4 29 30 5 6 8 32 7 31 10 11 0 2102 
0 25 9 33 27 3 24 4 29 30 5 6 10 11 8 32 7 31 18 17 36 14 16 45 20 38 37 47 22 41 43 42 28 2 19 44 15 35 23 12 34 13 46 39 21 40 26 1 0 2172 
0 47 26 42 28 33 27 3 24 4 29 30 5 6 8 32 7 31 9 2 41 43 22 21 40 20 38 37 16 45 39 19 44 15 35 23 34 13 46 36 14 18 17 12 10 11 25 1 0 2142 
0 25 20 16 45 39 19 44 15 35 34 13 46 36 14 23 12 32 6 24 29 30 4 3 10 8 11 18 17 7 31 5 9 33 27 28 2 41 43 42 22 21 40 47 26 1 37 38 0 2028 
0 25 18 45 19 44 15 16 17 34 13 46 36 14 35 23 12 32 7 31 6 24 4 3 33 27 28 2 41 43 42 22 40 47 26 1 9 29 30 5 10 8 11 37 39 21 20 38 0 1971 
0 25 10 11 8 7 23 13 46 36 14 16 45 20 38 18 17 12 32 6 24 4 3 33 27 28 2 41 43 42 22 40 47 26 1 9 29 30 5 31 34 35 15 19 44 39 21 37 0 2091 
0 25 1 9 33 27 2 28 3 24 4 29 30 5 6 10 11 8 32 7 31 18 17 46 36 14 16 45 20 38 37 39 21 40 47 26 22 41 43 42 19 44 15 35 23 34 13 12 0 2041 
