0 25 1 37 39 21 40 47 26 22 41 43 42 28 3 33 27 24 4 29 30 5 6 8 32 7 31 9 2 20 38 18 17 46 36 14 16 45 19 44 15 35 23 34 13 12 10 11 0 2130 
0 25 1 9 33 27 2 28 3 24 4 29 30 5 6 8 32 7 31 11 18 17 46 36 14 35 16 45 20 38 47 26 22 41 43 42 19 44 15 23 34 13 12 10 37 39 21 40 0 2125 
0 25 1 9 33 27 3 24 4 29 30 5 6 8 32 7 31 10 11 18 17 46 36 14 16 45 20 38 37 47 26 22 41 43 42 28 2 19 44 15 23 12 13 34 35 39 21 40 0 2091 
0 25 1 9 33 27 28 3 24 4 29 30 5 6 10 11 8 32 7 31 18 17 46 36 35 14 16 45 20 38 37 47 26 22 19 44 15 23 34 13 12 2 41 43 42 39 21 40 0 2176 
0 25 1 9 33 27 2 28 3 24 4 29 30 5 6 10 11 8 32 7 31 18 17 36 14 16 45 20 38 37 40 47 26 22 41 43 42 19 44 15 35 23 12 13 34 46 39 21 0 2153 
0 25 1 9 29 30 5 31 7 23 12 32 6 24 4 3 33 27 28 2 41 43 22 40 47 26 42 19 44 15 46 36 39 21 10 8 11 18 17 13 34 35 14 16 45 20 38 37 0 2070 
0 25 1 9 33 27 2 28 3 24 4 29 30 5 6 10 11 8 32 7 31 18 17 46 36 14 16 45 20 38 37 40 47 26 22 41 43 42 19 44 15 23 12 13 34 35 39 21 0 2095 
0 25 9 33 27 3 24 4 29 30 5 6 10 11 8 32 7 31 18 17 36 14 16 45 20 38 37 47 22 41 43 42 28 2 19 44 15 35 23 12 34 13 46 39 21 40 26 1 0 2172 
0 25 1 9 33 27 2 28 3 24 4 29 30 5 6 10 11 8 32 7 31 18 17 46 36 14 16 45 20 38 37 40 47 26 22 41 43 42 19 44 15 23 12 13 34 35 39 21 0 2095 
0 25 1 9 33 27 2 28 3 24 4 29 30 5 6 10 11 8 32 7 31 18 17 36 14 16 45 20 38 37 40 47 26 22 41 43 42 19 44 15 35 23 12 34 13 46 39 21 0 2153 
