0 25 1 9 33 27 28 3 24 4 29 30 5 6 10 8 32 7 23 12 31 11 18 17 36 14 16 45 20 38 37 40 47 26 22 41 43 42 2 19 44 15 35 34 13 46 39 21 0 2205 
0 25 1 9 33 27 28 3 4 29 30 5 6 24 10 8 32 7 31 11 18 17 36 14 16 45 20 38 37 40 47 26 22 41 43 42 2 19 44 15 35 34 13 23 12 46 39 21 0 2302 
0 20 38 18 17 12 32 6 24 4 3 33 27 28 2 41 43 22 40 47 26 42 1 25 37 10 11 8 31 7 23 34 13 46 36 14 16 45 39 19 44 15 35 21 9 29 30 5 0 2217 
0 25 1 9 33 27 28 3 24 4 29 30 5 6 10 8 11 18 17 36 14 16 45 20 38 37 40 47 26 22 41 43 42 39 19 44 15 35 34 13 46 23 12 32 7 31 2 21 0 2191 
0 25 1 9 33 27 28 3 24 29 30 5 6 8 32 7 23 34 13 46 36 14 16 45 20 38 18 17 35 39 21 40 47 26 22 41 43 42 19 44 15 12 31 4 2 10 11 37 0 2145 
0 25 1 9 33 27 28 3 4 29 30 5 6 10 8 32 7 23 12 35 15 19 44 39 21 40 47 26 22 41 43 42 13 34 46 36 14 16 45 20 38 18 17 31 24 2 11 37 0 2287 
0 25 1 9 33 27 28 3 4 29 30 5 6 10 8 11 37 40 47 26 22 41 43 42 20 38 18 17 36 14 16 45 39 21 19 44 15 35 34 13 46 23 12 32 7 31 24 2 0 2193 
0 25 1 9 33 27 28 3 4 29 30 5 6 10 8 32 24 2 41 43 22 40 47 26 42 19 44 15 35 34 13 46 23 12 7 31 18 17 36 14 16 45 20 38 37 39 21 11 0 2207 
0 25 1 9 33 27 28 3 4 29 30 5 6 24 10 8 11 37 40 47 26 22 41 43 42 2 19 44 15 35 34 13 46 23 12 32 7 31 18 17 36 14 16 45 20 38 39 21 0 2277 
0 25 1 9 33 27 28 3 4 29 30 5 6 10 8 32 7 31 11 18 17 36 14 16 45 20 38 40 47 26 22 41 43 42 39 19 44 15 35 34 13 46 23 12 24 2 21 37 0 2302 
