0 25 9 33 27 2 28 3 24 4 29 30 5 31 6 10 11 8 32 7 23 12 13 46 36 14 16 45 20 38 37 18 17 34 35 15 19 44 39 21 41 43 42 22 40 47 26 1 0 1899 
0 18 17 13 34 46 36 14 35 23 12 32 7 31 30 5 6 10 8 11 37 39 21 40 26 1 25 47 22 41 43 42 9 33 27 28 3 24 4 29 2 19 44 15 16 45 20 38 0 2004 
0 25 37 15 16 45 20 38 18 17 13 46 36 14 35 34 7 23 12 32 6 24 4 3 33 27 28 2 41 43 22 40 47 26 42 19 44 39 21 1 9 29 30 31 5 10 8 11 0 2088 
0 25 1 9 33 27 3 24 4 29 30 5 6 10 11 8 32 7 31 18 17 36 14 35 16 45 20 38 37 47 26 22 41 43 42 28 2 19 44 15 23 12 34 13 46 39 21 40 0 2172 
0 25 1 9 33 27 2 28 3 24 4 29 30 5 6 8 32 7 31 10 11 18 17 46 36 14 16 45 20 38 37 40 47 26 22 41 43 42 19 44 15 23 12 13 34 35 39 21 0 2072 
0 25 1 47 22 40 20 37 38 18 17 46 36 14 16 45 39 21 26 42 28 3 33 27 24 4 29 30 5 6 10 11 8 32 7 31 9 2 41 43 19 44 15 35 23 34 13 12 0 2123 
0 25 18 17 13 46 36 14 35 34 7 23 12 32 6 24 4 3 33 27 28 2 41 43 42 22 40 47 26 1 11 8 9 29 30 31 5 10 37 19 44 15 16 45 39 21 20 38 0 1991 
0 25 28 3 33 27 24 4 29 30 5 6 8 32 7 31 9 2 41 43 42 22 19 44 15 16 45 20 38 18 17 13 34 46 36 14 35 23 12 10 11 37 39 21 40 47 26 1 0 2065 
0 25 1 9 33 27 3 24 4 29 30 5 10 11 8 32 7 31 18 17 46 36 14 16 45 20 38 37 39 21 40 47 26 22 41 43 42 28 2 19 44 15 35 23 34 13 12 6 0 2069 
0 25 1 9 33 27 3 24 4 29 30 5 6 8 32 7 31 10 11 18 17 46 36 14 16 45 20 38 37 47 26 22 41 43 42 28 2 19 44 15 23 12 13 34 35 39 21 40 0 2091 
