0 25 1 9 33 27 3 24 4 29 30 7 31 5 6 8 11 18 17 46 36 14 16 45 20 38 40 47 26 22 41 43 42 28 2 19 44 15 35 23 34 13 12 32 10 37 39 21 0 2118 
0 25 9 33 27 28 2 41 43 42 22 40 47 26 1 10 11 8 32 6 3 24 4 29 30 5 31 7 23 12 34 13 46 36 14 35 15 16 18 17 45 20 38 37 39 19 44 21 0 1941 
0 25 12 32 6 24 4 3 33 27 28 2 41 43 42 22 40 47 26 1 18 17 13 46 36 14 16 45 38 37 11 8 10 9 29 30 5 31 7 23 34 35 15 19 44 39 21 20 0 2060 
0 47 22 20 38 37 18 17 34 13 46 36 14 16 45 39 21 40 26 42 28 3 33 27 24 4 29 30 5 6 10 11 8 32 7 31 9 2 41 43 19 44 15 35 23 12 25 1 0 2147 
0 25 18 17 12 32 13 46 36 14 16 45 20 38 10 6 24 4 3 33 27 28 2 41 43 42 22 40 47 26 1 11 8 9 29 30 5 31 7 23 34 35 15 19 44 39 21 37 0 2057 
0 25 12 32 7 23 13 46 36 14 16 45 20 38 37 18 17 34 35 15 19 44 39 21 40 47 26 22 41 43 42 28 2 1 9 33 27 3 24 4 29 30 5 31 6 10 8 11 0 1941 
0 25 11 8 9 29 30 31 5 10 18 17 7 23 12 32 6 24 4 3 33 27 28 2 41 43 42 22 40 20 38 37 13 34 46 36 14 35 15 16 45 39 19 44 21 47 26 1 0 2018 
0 25 18 17 12 32 6 24 4 3 33 27 28 2 41 43 42 22 40 47 26 1 10 11 8 9 29 30 5 31 7 23 34 35 15 19 44 39 21 13 46 36 14 16 45 20 37 38 0 2001 
0 18 17 46 36 14 16 45 39 21 40 47 26 22 41 43 42 28 3 33 27 24 4 29 30 5 6 8 32 7 31 9 2 19 44 15 35 23 34 13 12 10 11 1 25 20 38 37 0 2173 
0 25 18 17 13 34 46 36 14 35 23 12 32 6 24 4 3 33 27 28 2 41 43 42 22 40 47 26 1 11 8 9 29 30 7 31 5 10 37 15 16 45 39 19 44 21 20 38 0 2055 
