0 25 9 33 27 2 28 3 24 4 29 30 31 5 6 8 32 7 23 12 13 46 36 14 16 45 20 18 17 34 35 15 19 44 39 21 40 47 26 22 41 43 42 1 37 38 11 10 0 1935 
0 25 1 9 33 27 2 28 3 24 4 29 30 5 6 8 32 7 31 11 18 17 46 36 14 16 45 20 38 47 26 22 41 43 42 19 44 15 35 23 34 13 12 10 37 39 21 40 0 2125 
0 25 1 9 33 27 2 28 3 24 4 29 30 5 6 10 11 8 32 7 31 18 17 36 14 16 45 20 38 37 22 41 43 42 19 44 15 35 23 12 34 13 46 39 21 40 47 26 0 2144 
0 25 1 9 33 27 2 28 3 24 4 29 30 5 6 10 11 8 32 7 31 18 17 46 36 14 16 45 20 38 37 40 47 26 22 41 43 42 19 44 15 23 12 13 34 35 39 21 0 2095 
0 1 25 47 22 40 20 38 37 18 17 46 36 14 16 45 39 21 26 42 28 3 9 33 27 24 4 29 2 41 43 19 44 15 35 23 34 13 12 32 7 31 30 5 6 8 11 10 0 2013 
0 25 18 17 46 36 14 35 15 16 45 20 38 13 34 7 23 12 32 6 24 4 3 33 27 28 2 41 43 42 22 40 47 26 1 37 39 19 44 21 9 29 30 31 5 8 11 10 0 2095 
0 25 19 44 15 16 45 20 38 18 17 46 36 14 35 23 34 13 12 32 6 24 4 3 33 27 28 2 41 43 42 22 40 47 26 1 37 39 21 9 29 30 7 31 5 10 8 11 0 2125 
0 9 33 27 28 3 24 4 29 2 41 43 42 22 19 44 15 16 45 20 38 18 17 34 13 46 36 14 35 23 12 32 7 31 30 5 6 8 11 10 25 1 37 39 21 40 47 26 0 1962 
0 25 9 33 27 2 28 3 24 4 29 30 5 6 8 32 7 31 11 18 17 13 34 46 36 14 16 45 20 38 47 22 41 43 42 19 44 15 35 23 12 10 37 39 21 40 26 1 0 2114 
0 25 1 9 33 27 2 28 3 24 4 29 30 5 6 8 32 7 31 10 11 18 17 46 36 14 16 45 20 38 37 40 47 26 22 41 43 42 19 44 15 23 12 13 34 35 39 21 0 2072 
