0 25 1 9 33 27 28 3 24 4 29 30 5 6 8 32 2 41 43 42 22 19 44 15 35 23 12 7 31 10 11 37 38 18 17 13 34 46 36 14 16 45 39 21 40 47 26 20 0 1994 
0 25 1 9 33 27 3 24 4 29 30 5 31 6 8 32 7 23 13 46 36 14 16 45 20 38 37 18 17 12 34 35 15 19 44 39 21 40 47 26 22 41 43 42 28 2 10 11 0 1926 
0 25 1 9 33 27 28 3 24 4 29 30 5 6 10 8 11 37 38 18 17 36 14 16 45 39 19 44 15 35 34 13 46 23 12 32 7 31 2 41 43 22 21 40 47 26 42 20 0 2019 
0 25 47 26 1 9 33 27 28 3 24 4 29 30 31 5 6 10 8 11 37 19 44 15 35 34 13 46 36 14 16 45 39 21 20 38 18 17 12 7 23 32 2 41 43 42 22 40 0 2025 
0 25 1 9 33 27 3 24 4 29 30 31 5 6 10 8 11 37 38 18 17 13 46 36 14 16 45 39 21 40 47 26 42 28 2 41 43 22 19 44 15 12 32 7 23 34 35 20 0 1890 
0 25 1 9 33 27 2 28 3 24 4 29 30 5 6 8 11 37 38 18 17 13 34 46 36 14 16 45 39 21 40 47 26 22 41 43 42 20 19 44 15 35 23 12 32 7 31 10 0 1893 
0 25 1 9 33 27 2 28 3 24 4 29 30 31 5 6 8 32 7 23 34 13 46 36 35 14 16 45 20 37 38 18 17 39 21 40 47 26 22 41 43 42 19 44 15 12 10 11 0 1933 
0 25 1 37 38 18 17 46 36 14 16 45 20 13 34 12 32 6 24 4 3 33 27 28 2 41 43 42 22 40 47 26 10 11 8 9 29 30 5 31 7 23 35 15 19 44 39 21 0 2081 
0 25 1 9 33 27 3 24 4 29 30 31 5 6 10 8 11 32 7 23 12 13 46 36 14 16 45 20 38 37 18 17 34 35 15 19 44 39 21 40 47 26 22 41 43 42 28 2 0 1932 
0 25 47 26 42 1 9 33 27 2 28 3 24 4 29 30 5 6 8 11 37 39 21 40 22 41 43 19 44 15 35 23 34 13 46 36 14 16 45 20 38 18 17 12 32 7 31 10 0 1959 
