0 25 1 9 33 27 2 28 3 24 4 29 30 5 6 10 8 11 37 38 18 17 13 34 46 36 14 16 45 39 21 40 47 26 22 41 43 42 20 19 44 15 35 23 12 32 7 31 0 1917 
0 25 1 9 33 27 28 2 3 24 4 29 30 5 6 10 8 11 37 38 18 17 13 46 36 14 16 45 39 21 40 47 26 22 41 43 42 20 19 44 15 35 34 23 12 32 7 31 0 1926 
0 25 1 9 33 27 2 28 3 24 4 29 30 5 6 8 11 37 40 47 26 22 41 43 42 19 44 15 35 23 34 13 46 36 14 16 45 20 38 18 17 12 32 7 31 10 39 21 0 2061 
0 25 37 38 18 17 39 19 44 21 1 9 33 27 28 2 41 43 42 22 40 47 26 10 11 8 32 6 3 24 4 29 30 5 31 7 23 12 34 13 46 36 14 35 15 16 45 20 0 1955 
0 25 9 33 27 28 2 41 43 42 22 40 47 26 1 10 8 11 37 39 21 38 18 12 32 6 3 24 4 29 30 5 31 7 23 34 35 19 44 15 17 13 46 36 14 16 45 20 0 2010 
0 25 1 9 33 27 2 28 3 24 4 29 30 5 6 8 11 37 39 21 40 41 43 22 47 26 42 19 44 15 16 45 20 38 18 17 46 36 14 35 23 34 13 12 32 7 31 10 0 1947 
0 37 38 18 45 39 19 44 21 20 9 29 30 5 31 7 23 34 13 46 36 35 14 15 16 17 12 32 6 24 4 3 33 27 28 2 41 43 42 22 40 47 26 1 25 10 8 11 0 2014 
0 18 17 13 46 36 14 16 45 39 21 40 47 26 1 25 10 11 8 9 33 27 28 2 41 43 42 22 19 44 15 12 32 6 3 24 4 29 30 5 31 7 23 34 35 20 38 37 0 1945 
0 25 1 9 33 27 28 3 24 4 29 30 5 6 10 8 11 37 38 47 22 40 26 42 21 20 18 17 36 14 16 45 39 19 44 15 35 34 13 46 23 12 32 7 31 2 41 43 0 2156 
0 25 47 26 42 1 9 33 27 28 3 24 4 29 30 5 6 10 8 11 18 17 34 13 46 36 14 16 45 39 19 44 15 35 23 12 32 7 31 2 41 43 22 21 40 20 38 37 0 1948 
