0 25 1 9 33 27 28 3 24 4 29 30 5 6 10 8 11 18 17 46 36 14 16 45 21 20 38 37 39 19 44 15 35 23 34 13 12 32 7 31 2 41 43 42 22 40 47 26 0 1969 
0 25 1 9 33 27 28 3 24 4 29 30 5 6 10 8 11 37 38 18 17 13 34 46 36 14 16 45 39 21 40 47 26 42 22 19 44 15 35 23 12 32 7 31 2 41 43 20 0 1934 
0 25 1 9 33 27 28 2 41 43 42 22 40 47 26 10 8 11 18 17 46 36 14 16 45 20 38 12 32 6 3 24 4 29 30 5 31 7 23 13 34 35 15 19 44 39 21 37 0 1970 
0 25 37 38 18 17 13 46 36 14 16 45 19 44 15 12 32 6 24 4 3 33 27 28 2 41 43 22 40 47 26 42 1 10 11 8 9 29 30 5 31 7 23 34 35 39 21 20 0 1988 
0 25 1 9 33 27 3 24 4 29 30 31 5 6 8 11 37 38 18 17 13 46 36 14 16 45 39 19 44 21 40 47 26 42 28 2 41 43 22 20 7 23 34 35 15 12 32 10 0 1989 
0 25 1 9 33 27 28 3 24 4 29 30 5 6 10 8 11 37 38 18 17 34 13 46 36 14 16 45 39 19 44 15 35 23 12 32 7 31 2 41 43 22 40 47 26 42 21 20 0 1951 
0 25 1 9 33 27 3 24 4 29 30 5 6 8 32 34 13 46 36 14 16 18 17 45 20 38 37 40 47 26 42 28 2 41 43 22 19 44 39 21 15 35 23 12 7 31 10 11 0 2103 
0 25 1 9 33 27 2 28 3 24 4 29 30 5 31 6 8 32 7 23 34 13 46 36 35 14 16 45 20 37 38 18 17 39 21 40 47 26 22 41 43 42 19 44 15 12 10 11 0 1933 
0 25 1 9 33 27 2 28 3 24 4 29 30 31 5 6 10 8 11 37 38 18 17 12 32 7 23 34 13 46 36 14 35 15 16 45 39 21 40 47 26 22 41 43 42 19 44 20 0 1798 
0 25 1 9 33 27 28 3 24 4 29 30 31 5 6 10 8 11 37 19 44 15 35 34 13 46 36 14 16 45 39 21 20 38 18 17 12 32 7 23 2 41 43 42 22 40 47 26 0 2015 
