0 110 109 107 106 105 97 165 163 99 98 95 92 93 166 108 83 84 69 67 167 70 87 85 86 71 60 61 68 66 63 64 56 57 62 65 88 153 154 89 90 91 94 96 100 102 103 117 118 119 120 121 122 123 162 101 104 114 113 164 127 126 125 129 136 137 138 139 140 141 6 7 8 9 10 76 74 75 11 12 18 19 20 158 32 21 22 23 26 27 28 29 30 31 33 34 156 40 39 38 35 36 157 41 155 42 45 44 46 47 48 51 52 53 43 55 54 58 59 50 49 170 73 77 1 2 3 4 5 169 111 112 132 133 134 131 115 116 124 128 130 135 146 145 144 143 147 148 149 161 160 151 14 13 17 24 15 159 16 25 150 152 142 37 168 72 78 82 79 80 81 0 3136 
0 1 2 77 73 170 49 50 51 52 53 43 55 54 58 59 60 61 68 67 167 70 87 85 86 93 166 108 92 91 154 89 88 153 83 84 69 66 63 64 56 57 62 65 90 94 96 97 165 163 99 100 102 103 117 118 119 120 121 122 123 162 101 104 114 113 164 127 126 125 129 136 137 138 139 140 141 6 7 8 9 10 76 74 75 11 12 18 19 20 158 32 21 22 23 26 27 28 29 30 31 33 34 156 40 39 38 37 35 36 157 41 155 42 45 46 47 48 168 72 78 82 79 80 81 3 4 5 169 111 112 132 133 134 131 115 116 124 128 130 135 146 145 144 143 147 148 149 161 152 151 14 13 17 24 15 159 16 25 150 160 142 110 109 107 106 105 98 95 71 44 0 3407 
0 1 2 77 78 82 79 80 81 111 112 132 133 134 131 115 116 124 121 120 122 123 162 102 103 117 118 119 129 136 137 138 139 140 141 6 7 8 9 10 76 74 75 11 12 18 19 20 158 32 36 157 33 31 30 28 29 27 26 23 24 15 159 16 17 21 22 25 150 160 151 14 13 37 35 34 156 40 39 38 45 46 47 48 51 52 53 43 55 54 58 59 60 61 68 67 167 70 87 85 86 93 166 108 83 84 69 66 63 64 56 57 62 65 88 153 154 89 90 91 94 96 97 165 163 99 100 101 104 114 113 164 127 126 125 128 130 135 146 145 144 143 147 148 149 161 152 142 3 4 5 169 110 109 107 106 105 98 95 92 71 50 49 170 168 72 73 41 155 42 44 0 3309 
0 1 2 77 78 82 79 80 81 111 112 132 133 134 131 115 116 117 118 119 120 121 122 123 162 102 103 100 101 98 95 92 91 154 89 90 88 153 94 96 97 165 163 99 104 114 113 164 127 126 125 136 137 146 145 144 143 147 148 149 161 152 142 14 13 24 15 159 16 17 21 22 23 26 27 28 29 30 31 32 158 36 157 33 34 156 40 39 38 37 35 41 155 42 45 46 47 48 51 52 53 43 55 54 58 59 60 61 68 67 167 70 87 85 86 93 166 108 83 84 69 66 63 57 62 65 64 56 44 168 72 71 73 170 49 50 3 4 5 169 110 109 107 106 105 124 129 128 130 135 138 139 140 141 6 7 8 9 10 76 74 75 11 12 18 19 20 25 150 160 151 0 3406 
0 82 79 80 81 111 110 109 107 106 105 97 165 163 99 100 102 103 117 118 119 120 121 122 123 162 101 104 114 113 164 127 126 125 136 137 138 139 140 141 6 7 8 9 10 76 74 75 11 12 18 19 20 158 32 36 157 33 31 30 28 29 21 22 23 26 27 24 15 159 16 17 37 38 39 35 34 156 40 45 46 47 48 51 52 53 43 55 54 58 59 60 61 68 67 167 70 87 85 86 83 84 69 66 63 64 56 57 62 65 88 153 154 89 90 91 94 96 98 95 92 93 166 108 71 50 49 170 73 77 1 2 3 4 5 133 134 131 132 169 112 115 116 124 129 128 130 135 146 145 144 143 147 148 149 161 160 151 14 25 150 152 142 13 41 155 42 44 168 72 78 0 3248 
0 73 170 49 50 51 52 53 43 55 54 58 59 60 61 68 67 167 70 87 85 86 93 166 108 83 84 69 66 63 64 56 57 62 65 88 153 154 89 90 91 94 96 97 165 163 99 100 102 103 117 118 119 120 121 122 123 162 101 104 114 113 164 127 126 125 129 128 130 135 138 139 140 141 6 7 8 9 10 76 74 75 11 12 18 19 20 158 32 36 157 33 31 30 28 29 21 22 23 26 24 15 159 16 17 27 25 150 160 151 152 142 134 131 132 133 112 115 116 124 146 145 144 143 136 137 147 148 149 161 14 13 35 41 155 42 44 77 1 2 3 4 5 169 111 110 109 107 106 105 98 95 92 71 37 38 39 40 156 34 45 46 47 48 168 72 78 82 79 80 81 0 3303 
0 1 2 77 73 170 49 50 51 52 53 43 55 54 58 59 60 61 68 67 167 70 87 85 86 83 84 69 66 63 64 56 57 62 65 88 153 154 89 90 91 94 96 97 165 163 99 100 102 103 117 118 119 120 121 122 123 162 101 98 95 92 93 166 108 107 106 105 104 114 113 164 127 126 125 129 136 137 138 139 140 141 6 7 8 9 10 76 74 75 11 12 18 19 20 158 32 36 157 33 31 30 28 29 22 23 26 27 24 15 159 16 17 21 25 150 160 151 14 13 37 38 39 40 156 34 35 41 155 42 44 45 46 47 48 168 72 78 82 79 80 81 3 4 5 169 111 112 132 133 134 131 115 116 124 128 130 135 146 145 152 142 143 144 147 148 149 161 110 109 71 0 3230 
0 111 112 132 133 134 131 113 164 127 126 125 124 129 136 137 138 139 140 141 6 7 8 9 10 76 74 75 11 12 18 19 20 158 32 36 157 33 31 30 28 29 27 26 23 22 24 15 159 16 37 35 34 156 40 39 38 44 46 47 48 51 52 53 43 55 54 58 59 60 61 68 67 167 70 87 85 86 83 84 69 66 63 57 62 65 64 56 88 153 154 89 90 91 94 96 97 165 163 99 100 102 103 117 118 119 120 121 122 123 162 101 104 114 115 116 128 130 135 146 145 144 143 147 148 149 161 152 142 25 150 160 151 14 13 17 21 41 155 42 45 168 72 78 82 79 80 81 3 4 5 169 110 109 107 106 105 98 95 92 93 166 108 71 50 49 170 73 77 1 2 0 3258 
0 111 112 132 133 134 131 113 164 127 126 125 124 129 136 137 138 139 140 141 6 7 8 9 10 76 74 75 11 12 18 19 20 158 32 21 22 23 26 27 28 29 30 31 33 34 156 40 39 38 35 36 157 41 155 45 46 47 48 49 170 73 77 1 2 3 4 5 169 110 109 107 106 105 97 165 163 99 100 102 103 117 118 119 120 121 122 123 162 101 98 95 92 93 166 108 83 84 69 66 63 64 56 57 62 65 88 153 154 89 90 91 94 96 104 114 115 116 128 130 135 146 145 147 148 144 143 149 161 152 142 25 150 160 151 14 13 17 24 15 159 16 37 42 44 50 51 52 53 43 55 54 58 59 60 61 68 67 167 70 87 85 86 71 168 72 78 82 79 80 81 0 3259 
0 1 2 77 73 170 49 50 51 52 53 43 55 54 58 59 60 61 68 67 167 70 87 85 86 83 84 69 66 65 64 56 57 62 63 88 153 154 89 90 91 94 96 97 165 163 99 100 102 103 117 118 119 120 121 122 123 162 101 98 95 92 93 166 108 107 106 105 104 114 113 164 127 126 125 136 137 138 139 140 141 6 7 8 9 10 76 74 75 11 12 18 19 20 158 32 36 157 33 34 156 40 39 38 37 35 41 155 42 45 44 46 47 48 168 72 78 82 79 80 81 3 4 5 169 111 112 132 133 134 131 115 116 124 129 128 130 135 146 145 144 143 147 148 149 161 152 151 14 13 17 21 22 23 26 27 28 29 30 31 24 15 159 16 25 150 160 142 110 109 71 0 3255 
