0 1 2 77 73 170 49 50 51 52 53 43 55 54 58 59 60 68 67 167 70 87 86 84 71 61 66 63 64 56 57 62 65 88 153 154 89 90 91 94 96 97 98 95 92 93 166 107 106 105 165 163 99 100 102 103 117 118 119 120 121 122 123 162 101 104 114 113 164 127 126 125 129 128 130 131 132 133 134 6 7 8 9 10 76 74 75 11 18 19 20 21 22 23 26 27 28 30 31 33 34 156 40 39 38 35 36 157 41 155 42 45 44 46 47 48 168 72 78 82 79 80 81 3 4 5 169 111 110 109 108 83 69 85 37 12 13 17 158 32 29 24 25 150 160 151 152 142 143 148 147 137 136 138 135 139 14 15 159 16 149 161 141 115 116 124 146 145 144 140 112 0 3522 
0 1 2 77 73 170 49 50 51 52 53 43 55 54 58 59 60 68 67 167 70 87 85 86 83 84 69 66 63 64 56 57 62 61 65 88 153 154 89 90 91 94 96 97 98 95 92 93 166 107 106 105 165 163 99 100 102 103 117 118 119 120 121 122 123 162 101 104 114 113 164 127 126 125 129 128 130 131 132 133 134 6 7 8 9 10 76 74 75 11 12 18 19 20 21 22 23 26 27 28 30 31 33 34 156 40 39 38 35 36 157 41 155 42 45 44 46 47 48 168 72 78 82 79 80 81 3 4 5 169 111 110 109 108 71 158 32 29 16 17 24 25 150 161 160 151 152 142 143 144 140 141 149 148 147 137 136 138 135 139 14 15 159 13 37 115 116 124 146 145 112 0 3526 
0 77 73 170 49 50 51 52 53 43 55 54 58 59 60 68 67 167 70 87 86 85 84 69 66 63 64 56 57 62 61 65 88 153 154 89 90 91 94 96 97 98 95 92 93 166 107 106 105 165 163 99 100 102 103 117 118 119 120 121 122 123 162 101 104 114 113 164 127 126 125 129 128 130 131 132 112 133 134 6 7 8 9 10 76 74 75 11 12 18 19 20 21 29 22 23 26 27 28 30 31 33 34 156 40 39 38 35 36 157 41 155 42 45 44 46 47 48 168 72 78 82 79 80 81 3 4 5 169 111 110 109 108 83 71 37 158 32 15 159 13 17 16 24 25 150 161 160 151 14 152 142 143 149 148 147 137 136 138 135 139 140 115 116 124 146 145 144 141 2 1 0 3339 
0 1 2 77 73 170 49 50 51 52 53 43 55 54 58 59 60 68 67 69 167 70 87 85 86 84 71 61 66 63 64 56 57 62 65 88 153 154 89 90 91 94 96 97 98 95 92 93 166 107 106 105 165 163 99 100 102 103 117 118 119 120 121 122 123 162 101 104 114 113 164 127 126 125 129 128 130 131 132 133 134 6 7 8 9 10 76 74 75 11 18 19 20 21 22 23 26 27 28 30 31 33 34 156 40 39 38 35 36 157 41 155 42 45 44 46 47 48 168 72 78 82 79 80 81 3 4 5 169 111 110 109 108 83 37 12 13 158 32 24 25 150 160 151 152 142 143 144 148 147 137 136 138 135 139 14 15 159 16 17 29 149 161 115 116 124 146 145 140 141 112 0 3519 
0 1 2 77 73 170 49 50 51 52 53 43 55 54 58 59 60 68 69 67 167 70 87 86 85 84 71 61 66 63 64 56 57 62 65 88 153 154 89 90 91 94 96 97 99 98 95 92 93 166 107 106 105 165 163 100 102 103 117 118 119 120 121 122 123 162 101 104 114 113 164 127 126 125 129 128 130 131 132 133 134 6 7 8 9 10 76 74 75 11 12 18 19 20 21 22 23 26 27 28 30 31 33 34 156 40 39 38 35 36 157 41 155 42 45 44 46 47 48 168 72 78 82 79 80 81 3 4 5 169 111 110 109 108 83 37 158 32 15 159 16 17 24 25 150 160 151 152 142 149 148 147 137 136 138 135 139 140 14 13 29 161 115 116 124 146 145 144 143 141 112 0 3498 
0 1 2 77 73 170 49 50 51 52 53 43 55 54 58 59 60 68 67 167 70 87 86 85 84 69 66 63 64 56 57 62 61 65 88 153 154 89 90 91 94 96 97 98 95 92 93 166 107 106 105 165 163 99 100 102 103 117 118 119 120 121 122 123 162 101 104 114 113 164 127 126 125 129 128 130 131 132 133 134 6 7 8 9 10 76 74 75 11 18 19 20 21 22 23 26 27 28 30 31 33 34 156 40 39 38 35 157 41 155 42 45 44 46 47 48 168 72 78 82 79 80 81 3 4 5 169 111 110 109 108 83 71 37 158 32 36 12 13 17 15 159 16 29 24 25 150 160 14 151 152 142 143 148 147 137 136 138 135 139 149 161 141 115 116 124 146 145 144 140 112 0 3450 
0 71 60 50 49 170 73 77 78 82 79 80 81 3 4 5 133 134 6 7 8 9 10 76 74 75 11 12 18 19 20 21 22 23 25 26 27 28 30 31 33 34 156 40 39 38 35 36 157 41 155 42 45 44 46 47 48 51 52 53 43 55 54 58 59 68 67 167 70 87 85 86 83 84 69 66 63 64 56 57 62 61 65 88 153 154 89 90 91 94 96 97 98 95 92 93 166 108 107 106 105 165 163 99 100 102 103 117 118 119 120 121 122 123 162 101 104 114 110 109 113 164 127 126 125 129 128 130 131 132 169 111 115 116 124 136 147 137 138 139 140 141 152 151 160 150 161 149 148 144 143 14 13 17 32 158 29 24 15 159 16 37 168 72 112 135 146 145 142 2 1 0 3535 
0 77 73 170 49 50 51 52 53 43 55 54 58 59 60 68 67 167 70 87 86 85 84 69 66 63 64 56 57 62 61 65 88 153 154 89 90 91 94 96 97 98 95 92 93 166 107 106 105 165 163 99 100 102 103 117 118 119 120 121 122 123 162 101 104 114 113 164 127 126 125 129 128 130 131 132 133 134 6 7 8 9 10 76 74 75 11 12 18 19 20 21 29 22 23 26 27 28 30 31 33 34 156 40 39 38 35 36 157 41 155 42 45 44 46 47 48 168 72 78 82 79 80 81 3 4 5 169 111 110 109 108 83 71 37 158 32 16 17 24 25 150 161 160 151 152 142 149 148 147 137 136 138 135 139 140 14 15 159 13 112 115 116 124 146 145 144 143 141 2 1 0 3370 
0 1 2 77 73 170 49 50 51 52 53 43 55 54 58 59 60 61 68 67 167 70 87 86 85 84 69 66 64 56 57 62 63 65 88 153 154 89 90 91 94 96 97 98 95 92 93 166 107 106 105 165 163 99 100 102 103 117 118 119 120 121 122 123 162 101 104 114 113 164 127 126 125 129 128 130 131 132 133 134 6 7 8 9 10 76 74 75 11 12 18 19 20 21 29 22 23 26 27 28 30 31 33 34 156 40 39 38 35 36 157 41 155 42 45 44 46 47 48 168 72 78 82 79 80 81 3 4 5 169 111 110 109 108 83 71 37 158 32 16 17 24 25 150 161 160 151 152 142 143 144 140 141 149 148 147 137 136 138 135 139 14 15 159 13 112 115 116 124 146 145 0 3505 
0 1 2 77 73 170 49 50 51 52 53 43 55 54 58 59 60 68 67 167 70 87 86 85 84 69 66 63 64 56 57 62 61 65 88 153 154 89 90 91 94 96 97 98 95 92 93 166 107 106 105 165 163 99 100 102 103 117 118 119 120 121 122 123 162 101 104 114 113 164 127 126 125 129 128 130 131 132 133 134 6 7 8 9 10 76 74 75 11 12 18 19 20 21 29 22 23 26 27 28 30 31 33 34 156 40 39 38 35 36 157 41 155 42 45 44 46 47 48 168 72 78 82 79 80 81 3 4 5 169 111 110 109 108 83 71 37 158 32 16 17 24 25 150 161 160 151 152 142 149 148 147 137 136 138 135 139 141 14 15 159 13 112 115 116 124 146 145 143 144 140 0 3378 
