0 44 46 47 48 51 52 53 43 55 54 58 59 60 61 68 67 167 70 87 85 86 83 84 69 66 65 64 56 57 62 63 88 153 154 89 90 91 94 96 97 99 98 95 92 93 166 108 107 106 105 165 163 100 102 103 117 118 119 120 121 122 123 162 101 104 114 113 164 127 126 125 124 129 128 130 131 132 133 134 141 6 7 8 9 10 76 74 75 11 12 18 19 20 21 22 23 26 27 28 29 30 31 33 34 156 40 39 38 37 49 170 73 77 1 2 3 4 5 169 111 110 109 71 50 35 36 157 41 155 42 45 168 72 78 82 79 80 81 112 115 116 136 137 138 135 139 140 142 152 151 160 150 25 149 148 147 144 143 14 13 17 32 158 16 24 15 159 161 146 145 0 3846 
0 1 2 77 73 170 49 50 51 52 53 43 55 54 58 59 60 61 68 67 167 70 87 85 86 83 84 71 66 65 64 56 57 62 63 88 153 154 89 90 91 94 96 97 99 98 95 92 93 166 108 107 106 105 165 163 100 102 103 117 118 119 120 121 122 123 162 101 104 114 109 113 164 127 126 125 124 129 128 130 131 132 133 134 141 6 7 8 9 10 76 74 75 11 12 18 19 20 21 22 23 26 27 28 29 30 31 33 34 156 40 39 38 37 35 36 157 41 155 42 45 44 46 47 48 168 72 78 82 79 80 81 3 4 5 169 111 110 69 158 32 17 16 24 25 150 160 151 152 142 143 144 140 149 148 147 137 136 138 135 139 14 13 15 159 161 115 116 146 145 112 0 3923 
0 1 2 77 73 170 49 50 51 52 53 43 55 54 58 59 60 61 68 67 167 70 87 85 86 93 166 108 107 106 105 97 165 163 99 98 95 94 92 91 154 89 88 153 83 84 69 71 66 65 64 56 57 62 63 90 96 100 102 103 117 118 119 120 121 122 123 162 101 104 114 113 164 127 126 125 124 129 128 130 135 138 139 134 141 6 7 8 9 10 76 74 75 11 12 18 19 20 21 22 23 26 27 28 29 30 31 33 34 156 40 39 38 37 35 36 157 41 155 42 45 44 46 47 48 168 72 78 82 79 80 81 3 4 5 169 111 112 132 133 110 109 115 116 146 145 144 143 140 149 161 150 160 151 14 13 15 159 16 17 32 158 24 25 152 142 148 147 137 136 131 0 3496 
0 1 2 77 73 170 49 50 51 52 53 43 55 54 58 59 60 61 68 67 167 70 87 85 86 83 84 71 66 65 64 56 57 62 63 88 153 154 89 90 91 94 96 97 99 98 95 92 93 166 108 107 106 105 165 163 100 102 103 117 118 119 120 121 122 123 162 101 104 114 109 113 164 127 126 125 124 129 136 137 138 135 139 140 7 8 9 10 76 74 75 11 12 18 19 20 158 32 36 157 41 155 42 45 44 46 47 48 168 72 78 82 79 80 81 3 4 5 169 111 112 115 116 146 145 128 130 131 132 133 134 141 6 15 159 16 24 25 150 160 151 152 142 143 144 149 148 147 161 14 13 17 21 22 23 26 27 28 29 30 31 33 34 156 40 39 38 37 110 69 35 0 3725 
0 1 2 77 73 170 49 50 51 52 53 43 55 54 58 59 60 61 68 67 167 70 87 85 86 83 84 71 66 65 64 56 57 62 63 88 153 154 89 90 91 94 96 97 99 98 95 92 93 166 108 107 106 105 165 163 100 102 103 117 118 119 120 121 122 123 162 101 104 114 109 113 164 127 126 125 124 129 136 137 147 148 149 161 143 144 14 13 15 159 16 32 158 17 24 25 150 160 151 152 142 141 6 7 8 9 10 76 74 75 11 12 18 19 20 21 22 23 26 27 28 29 30 31 33 34 156 40 39 38 37 35 36 157 41 155 42 45 44 46 47 48 168 72 78 82 79 80 81 3 4 5 169 111 112 115 116 146 145 128 130 135 138 139 140 134 131 132 133 110 69 0 3566 
0 1 2 77 73 170 49 50 51 52 53 43 55 54 58 59 60 61 68 67 167 70 87 85 86 83 84 66 65 64 56 57 62 63 88 153 154 89 90 91 94 96 97 165 163 99 98 95 92 93 166 108 107 106 105 100 102 103 117 118 119 120 121 122 123 162 104 114 113 164 127 126 125 124 129 128 130 131 132 133 134 141 6 7 8 9 10 76 74 75 11 12 18 19 20 21 22 23 26 27 28 29 30 31 33 34 156 40 39 38 37 35 36 157 41 155 42 45 44 46 47 48 168 72 78 82 79 80 81 3 4 5 169 111 110 109 69 71 101 115 116 136 137 138 139 140 142 152 151 160 14 13 17 32 158 16 24 15 159 161 25 150 149 148 147 146 145 144 143 135 112 0 3811 
0 1 2 77 73 170 49 50 51 52 53 43 55 54 58 59 60 61 68 67 167 70 87 85 86 83 84 66 65 64 56 57 62 63 88 153 154 89 90 91 94 96 97 165 163 100 102 103 117 118 119 120 121 122 123 162 101 98 95 92 93 166 107 106 105 104 114 109 113 164 127 126 125 124 129 128 130 135 138 139 140 132 133 169 111 110 108 69 71 99 115 116 146 145 144 143 147 137 136 148 149 161 14 13 29 22 23 26 27 28 30 31 33 34 156 40 39 38 37 35 36 157 41 155 42 45 44 46 47 48 168 72 78 82 79 80 81 3 4 5 134 141 6 7 8 9 10 76 74 75 11 12 18 19 20 158 32 17 16 24 25 150 160 151 152 142 15 159 21 112 131 0 3823 
0 1 2 77 73 170 49 50 51 52 53 43 55 54 58 59 60 61 68 67 167 70 87 85 86 83 84 69 66 65 64 56 57 62 63 88 153 154 89 90 91 94 96 97 99 100 102 103 117 118 119 120 121 122 123 162 101 104 114 113 164 127 126 125 124 129 128 130 135 138 139 140 141 6 7 8 9 10 76 74 75 11 12 18 19 20 21 22 23 26 27 28 29 30 31 33 34 156 40 39 38 35 41 155 42 45 46 47 48 168 72 78 82 79 80 81 3 4 5 169 111 110 109 108 166 93 107 106 105 165 163 98 95 92 131 132 133 134 14 13 17 15 159 16 24 25 150 160 151 152 142 143 144 115 116 146 145 136 137 147 148 149 161 37 158 32 36 157 44 71 112 0 3757 
0 1 2 77 73 170 49 50 51 52 53 43 55 54 58 59 60 61 68 67 167 70 87 85 86 83 84 71 66 63 88 153 154 89 90 91 94 96 97 165 163 99 100 102 103 117 118 119 120 121 122 123 162 101 104 114 113 164 127 126 125 124 129 128 130 135 138 139 140 6 7 8 9 10 76 74 75 11 12 18 19 20 158 32 36 157 33 31 30 28 29 17 27 26 23 22 24 15 159 38 39 40 156 34 35 41 155 42 45 46 47 48 168 72 78 82 79 80 81 3 4 5 169 111 112 132 133 134 141 131 115 116 136 137 147 148 143 144 146 145 149 161 14 13 16 21 37 25 150 160 151 152 142 110 109 107 106 105 98 95 92 93 166 108 69 65 64 56 57 62 44 0 3752 
0 1 2 77 73 170 49 50 51 52 53 43 55 54 58 59 60 61 68 67 167 70 87 85 86 83 84 66 65 64 56 57 62 63 88 153 154 89 90 91 94 96 97 99 98 95 92 93 166 108 107 106 105 165 163 100 102 103 117 118 119 120 121 122 123 162 101 104 114 115 116 136 137 138 139 140 6 7 8 9 10 76 74 75 11 12 18 19 20 158 32 36 157 33 31 30 28 29 16 24 15 159 21 22 23 26 27 25 150 160 151 152 142 141 147 148 149 161 14 13 17 37 35 41 155 42 45 44 46 47 48 168 72 78 82 79 80 81 3 4 5 169 111 112 132 133 134 131 113 164 127 126 125 124 129 128 130 135 143 144 146 145 110 109 69 71 34 156 40 39 38 0 3713 
