0 25 1 9 33 27 28 3 24 4 29 30 5 6 10 8 11 37 38 18 17 46 36 35 14 16 45 39 19 44 15 13 34 23 12 32 7 31 2 41 43 22 21 40 47 26 42 20 0 1950 
0 25 1 9 33 27 3 24 4 29 30 5 6 8 11 37 38 18 17 34 13 46 36 14 16 45 39 21 40 47 26 42 28 2 41 43 22 20 19 44 15 35 23 12 32 7 31 10 0 1880 
0 25 37 38 18 17 13 46 36 14 16 45 39 19 44 21 40 47 26 1 9 33 27 28 3 24 4 29 30 31 5 6 10 11 8 32 7 23 34 35 15 12 2 41 43 42 22 20 0 1961 
0 25 1 9 29 30 5 31 7 23 34 13 46 36 14 35 15 16 45 20 38 18 17 12 32 6 24 4 3 33 27 28 2 41 43 42 22 40 47 26 10 8 11 37 39 19 44 21 0 1967 
0 25 1 47 26 22 19 44 15 35 23 34 13 46 36 14 16 45 20 38 18 17 12 32 7 31 5 3 24 4 29 30 6 10 11 8 9 33 27 28 2 41 43 42 39 21 40 37 0 1948 
0 25 1 9 33 27 28 3 24 4 29 2 41 43 22 40 47 26 42 19 44 15 35 23 12 32 7 31 30 5 6 10 8 11 37 38 18 17 34 13 46 36 14 16 45 39 21 20 0 1884 
0 25 1 9 33 27 2 28 3 24 4 29 30 5 31 6 10 8 11 37 38 18 17 12 32 7 23 34 13 46 36 14 35 15 16 45 39 19 44 21 40 47 26 22 41 43 42 20 0 1790 
0 25 37 38 18 17 13 46 36 14 16 45 39 19 44 21 20 11 8 10 9 29 30 5 31 7 23 34 35 15 12 32 6 24 4 3 33 27 28 2 41 43 42 22 40 47 26 1 0 1954 
0 25 1 9 33 27 28 3 24 4 29 30 5 6 10 8 11 37 18 17 46 36 35 14 15 16 45 20 38 13 34 23 12 32 7 31 2 41 43 22 40 47 26 42 19 44 39 21 0 2011 
0 25 37 18 17 13 46 36 14 16 45 20 38 12 32 6 24 4 3 33 27 28 2 41 43 42 22 40 47 26 1 10 11 8 9 29 30 5 31 7 23 34 35 15 19 44 39 21 0 2001 
