0 25 1 9 33 27 28 3 24 4 29 30 5 6 10 8 11 37 38 18 17 36 14 16 45 39 19 44 15 35 34 13 46 23 12 32 7 31 2 41 43 22 40 47 26 42 21 20 0 2019 
0 25 1 9 33 27 28 3 24 4 29 30 5 6 10 8 11 37 38 18 17 46 36 14 16 45 39 19 44 15 35 23 34 13 12 32 7 31 2 41 43 22 20 21 40 47 26 42 0 1973 
0 25 1 9 33 27 3 24 4 29 30 5 6 10 8 11 37 39 21 40 47 26 22 41 43 42 28 2 19 44 15 35 23 34 13 46 36 14 16 45 20 38 18 17 12 32 7 31 0 1955 
0 25 1 9 33 27 28 3 24 4 29 30 5 6 10 8 11 37 38 18 17 36 14 16 45 39 19 44 15 35 34 13 46 23 12 32 7 31 2 41 43 22 40 47 26 42 21 20 0 2019 
0 25 1 9 33 27 28 3 24 4 29 30 5 6 10 8 11 37 38 18 17 36 14 16 45 39 19 44 15 35 34 13 46 23 12 32 7 31 2 41 43 22 40 47 26 42 21 20 0 2019 
0 25 1 9 33 27 28 3 24 4 29 30 5 6 10 8 11 37 38 18 17 46 36 14 16 45 19 44 15 35 23 34 13 12 32 7 31 2 41 43 22 20 39 21 40 47 26 42 0 1966 
0 25 1 9 33 27 2 28 3 24 4 29 30 5 31 6 10 11 8 32 12 7 23 34 13 46 36 14 35 15 16 45 20 38 18 17 39 19 44 21 41 43 42 22 40 47 26 37 0 1948 
0 25 1 9 33 27 3 24 4 29 30 5 6 10 8 11 37 21 40 47 26 42 28 2 41 43 22 39 19 44 15 35 23 34 13 46 36 14 16 45 20 38 18 17 12 32 7 31 0 1955 
0 25 47 26 22 40 20 38 37 39 19 44 15 35 23 34 13 12 32 7 31 5 6 24 4 3 33 27 28 2 41 43 42 1 9 29 30 10 8 11 18 17 46 36 14 16 45 21 0 2039 
0 25 1 9 33 27 28 3 24 4 29 30 5 6 10 8 11 37 40 47 26 42 22 19 44 15 35 23 34 13 46 36 14 16 45 20 38 18 17 12 32 7 31 2 41 43 39 21 0 2058 
