0 25 47 22 40 20 38 18 17 36 14 16 45 39 19 44 15 35 34 13 46 23 12 32 7 31 5 6 24 29 30 10 8 9 33 27 28 3 4 2 41 43 42 1 11 37 21 26 0 2121 
0 25 1 9 33 27 28 3 24 4 29 30 5 6 8 11 10 37 38 18 17 36 14 16 45 20 39 19 44 15 35 34 13 46 23 12 32 7 31 2 41 43 22 42 21 40 47 26 0 2050 
0 10 8 9 27 28 2 41 43 22 40 47 26 42 1 25 37 13 46 36 14 16 45 20 38 18 17 12 32 6 24 4 3 33 29 30 5 31 7 23 34 35 15 19 44 39 21 11 0 2110 
0 25 47 26 22 40 20 38 18 17 36 14 16 45 39 19 44 15 35 34 13 46 23 12 32 7 31 2 41 43 42 1 9 33 27 28 3 24 4 29 30 5 6 10 8 11 37 21 0 2082 
0 25 1 9 33 27 28 3 24 29 30 5 6 10 8 32 7 31 4 2 41 43 22 40 47 26 42 19 44 15 35 34 13 46 23 12 11 18 17 36 14 16 45 20 38 37 39 21 0 2176 
0 25 1 9 33 27 28 3 24 4 29 30 5 6 10 8 11 37 38 18 17 36 14 16 45 39 21 40 47 26 42 22 19 44 15 35 34 13 46 23 12 32 7 31 2 41 43 20 0 2002 
0 25 1 9 33 27 28 3 4 29 30 5 6 24 10 8 11 37 38 18 17 36 14 16 45 39 21 42 19 44 15 35 34 13 46 23 12 32 7 31 2 41 43 22 40 47 26 20 0 2147 
0 25 1 9 33 27 3 24 4 29 30 5 6 10 8 11 37 47 22 40 26 42 28 2 41 43 19 44 15 35 23 34 13 46 36 14 16 45 20 38 18 17 12 32 7 31 39 21 0 2122 
0 25 1 9 33 27 28 3 4 29 30 5 6 10 8 32 24 2 41 43 22 40 47 26 42 19 44 15 16 45 20 38 37 39 21 18 17 36 14 35 34 13 46 23 12 7 31 11 0 2113 
0 25 47 26 22 40 20 38 18 17 36 14 16 45 39 21 19 44 15 35 34 13 46 23 12 32 7 31 24 2 41 43 42 1 9 33 27 28 3 4 29 30 5 6 10 8 11 37 0 2072 
