0 10 8 9 33 27 28 2 41 43 22 40 47 26 42 1 25 37 39 21 13 46 36 14 16 45 20 38 18 17 12 32 6 24 4 3 29 30 5 31 7 23 34 35 15 19 44 11 0 2119 
0 25 1 9 33 27 28 3 24 4 29 30 5 6 10 8 11 37 47 26 22 41 43 42 19 44 15 16 45 20 38 18 17 36 14 35 34 13 46 23 12 32 7 31 2 39 21 40 0 2132 
0 20 38 18 17 12 32 6 24 4 3 33 27 28 2 41 43 22 40 47 26 42 1 25 37 11 8 10 9 29 30 5 31 7 23 34 13 46 36 14 16 45 39 19 44 15 35 21 0 2081 
0 25 1 9 33 27 28 3 24 4 30 5 6 10 8 11 37 38 18 17 36 14 16 45 39 19 44 15 35 34 13 46 23 12 32 7 31 29 2 43 22 40 47 26 42 41 21 20 0 2031 
0 25 47 26 22 40 20 38 18 17 36 14 16 45 39 21 42 28 3 24 4 29 30 5 6 9 33 27 2 41 43 19 44 15 35 34 13 46 23 12 32 7 31 8 11 10 37 1 0 2091 
0 25 1 9 33 27 28 3 24 4 29 30 5 6 10 11 8 32 13 46 35 34 23 12 7 31 2 41 43 22 40 47 26 42 19 44 15 18 17 36 14 16 45 20 38 37 39 21 0 2118 
0 9 29 30 5 6 24 4 3 33 27 28 2 41 43 22 40 47 26 42 1 25 37 10 11 8 32 31 12 7 23 46 36 14 16 45 20 38 18 17 13 34 35 15 19 44 39 21 0 2157 
0 25 47 22 40 26 42 1 9 33 27 28 3 4 29 30 5 6 10 8 11 37 39 19 44 15 35 34 13 46 36 14 16 45 20 38 18 17 23 12 32 7 31 24 2 41 43 21 0 2129 
0 25 47 26 22 40 20 38 18 17 36 14 16 45 39 19 44 15 12 32 6 24 4 3 33 27 28 2 41 43 42 1 11 8 10 9 29 30 5 31 7 23 34 13 46 35 21 37 0 2095 
0 25 1 9 33 27 28 2 41 43 22 40 47 26 42 10 8 32 6 24 4 3 29 30 5 31 7 23 34 13 46 36 14 16 45 20 38 18 17 12 35 15 19 44 39 21 37 11 0 2012 
