0 36 14 16 45 20 38 18 17 13 34 46 35 15 19 44 39 21 42 1 25 10 8 9 29 30 5 31 7 23 12 32 6 24 4 3 33 27 28 2 41 43 22 40 47 26 11 37 0 2184 
0 25 1 9 33 27 28 3 24 4 29 30 5 6 10 8 11 37 38 18 17 13 46 36 14 16 45 39 19 44 15 35 34 23 12 32 7 31 2 40 47 26 22 41 43 42 21 20 0 2018 
0 25 1 9 33 27 28 3 4 30 5 6 24 10 11 8 32 31 29 2 41 43 22 40 47 26 42 37 13 46 36 14 16 45 20 38 18 17 12 7 23 34 35 15 19 44 39 21 0 2145 
0 25 1 9 33 27 28 3 24 4 30 5 6 10 8 11 37 38 18 17 36 14 16 45 39 19 44 15 35 34 13 46 23 12 32 7 31 29 2 41 43 22 40 47 26 42 21 20 0 2020 
0 25 37 39 21 40 47 26 42 1 9 33 27 28 3 24 4 29 30 5 6 10 11 8 32 7 23 34 13 46 36 14 16 18 17 12 31 2 41 43 22 19 44 15 35 45 20 38 0 1992 
0 25 1 9 33 27 28 3 4 29 30 5 6 24 10 8 11 37 38 18 17 36 14 16 45 39 19 44 15 35 34 13 46 23 12 32 7 31 2 21 40 47 26 22 41 43 42 20 0 2127 
0 25 47 26 22 40 20 38 37 39 19 44 15 35 34 13 46 36 14 16 18 17 45 21 28 2 41 43 42 1 9 33 27 3 4 29 30 5 6 8 32 7 23 12 31 24 10 11 0 2104 
0 25 1 9 33 27 28 3 4 29 30 5 6 24 10 8 11 37 38 18 17 36 14 16 45 39 19 44 15 35 34 13 46 23 12 32 7 31 2 21 40 47 26 22 41 43 42 20 0 2127 
0 25 1 37 10 8 9 29 30 5 31 7 23 34 35 15 45 20 38 18 17 13 46 36 14 16 12 32 6 24 4 3 33 27 28 2 41 43 22 40 47 26 42 19 44 39 21 11 0 2105 
0 25 37 38 18 17 36 14 16 13 34 46 15 19 44 39 21 40 47 26 42 1 10 11 8 9 29 30 5 31 7 23 35 45 12 32 6 24 4 3 33 27 28 2 41 43 22 20 0 2111 
