0 1 2 77 78 82 79 80 81 111 112 132 133 134 131 113 164 127 126 125 118 119 120 121 122 123 162 102 103 117 124 129 136 137 138 139 140 141 6 7 8 9 10 76 74 75 11 12 18 19 20 158 32 21 22 23 26 27 28 29 30 31 33 34 156 40 39 38 35 36 157 41 155 42 45 46 47 48 51 52 53 43 55 54 58 59 60 61 68 67 167 70 87 85 86 93 166 108 83 84 69 66 63 64 56 57 62 65 88 153 154 89 90 91 94 96 97 165 163 99 100 101 98 95 92 71 50 49 170 168 72 3 4 5 169 110 109 107 106 105 104 114 115 116 128 130 135 146 145 144 143 147 148 149 161 152 142 14 13 17 24 15 159 16 25 150 160 151 37 44 73 0 3328 
0 1 2 77 78 82 79 80 81 3 4 5 169 111 110 109 107 106 105 165 163 99 100 102 103 117 118 119 120 121 122 123 162 101 98 95 96 97 104 114 113 164 127 126 125 129 136 137 138 139 140 141 6 7 8 9 10 76 74 75 11 12 18 19 20 158 32 36 157 33 31 30 28 29 16 17 21 22 23 26 27 24 15 159 37 38 39 40 156 34 35 45 46 47 48 51 52 53 43 55 54 58 59 60 61 68 67 167 70 87 85 86 83 84 69 66 65 64 56 57 62 63 88 153 154 89 90 91 94 92 93 166 108 71 50 49 170 168 72 112 132 133 134 131 115 116 124 128 130 135 146 145 144 143 147 148 149 161 152 142 25 150 160 151 14 13 41 155 42 44 73 0 3264 
0 1 2 77 78 82 79 80 81 3 4 5 169 111 112 132 133 134 131 115 116 124 129 136 137 138 139 140 141 6 7 8 9 10 76 74 75 11 12 18 19 20 158 32 21 22 23 26 27 33 31 30 28 29 24 15 159 16 37 49 170 50 51 52 53 43 55 54 58 59 60 61 68 67 167 70 87 85 86 83 84 69 66 65 64 56 57 62 63 88 153 154 89 90 91 94 96 97 165 163 100 102 103 117 118 119 120 121 122 123 162 101 104 114 113 164 127 126 125 128 130 135 146 145 25 150 160 151 152 142 143 144 147 148 149 161 14 13 17 36 157 34 156 40 39 45 46 47 48 168 72 73 110 109 107 106 105 99 98 95 92 93 166 108 71 38 35 41 155 42 44 0 3483 
0 1 2 77 78 82 79 80 81 111 112 132 133 134 131 115 116 124 129 128 130 135 146 145 147 148 144 143 142 152 149 161 3 4 5 169 110 109 107 106 105 165 163 99 100 102 103 117 118 119 120 121 122 123 162 101 104 114 113 164 127 126 125 136 137 138 139 140 141 6 7 8 9 10 76 74 75 11 12 18 19 20 158 32 31 30 28 29 24 15 159 16 17 21 22 23 26 27 25 150 160 151 14 13 37 38 39 40 156 34 35 36 157 33 41 155 42 44 45 46 47 48 51 52 53 43 55 54 58 59 60 61 68 67 167 70 87 85 86 83 84 69 66 65 64 56 57 62 63 88 153 154 89 90 91 94 96 97 98 95 92 93 166 108 71 50 49 170 168 72 73 0 3182 
0 1 2 77 73 170 49 50 51 52 53 43 55 54 58 59 60 61 68 67 167 70 87 85 86 83 84 69 71 66 63 64 56 57 62 65 88 153 154 89 90 91 94 96 97 165 163 99 98 95 92 93 166 108 107 106 105 104 114 113 164 127 126 125 124 129 128 130 135 138 139 140 141 6 7 8 9 10 76 74 75 11 12 18 19 20 158 32 36 157 33 31 30 28 29 34 156 40 39 38 37 21 22 23 26 27 24 15 159 16 25 150 160 151 152 142 143 149 148 147 137 136 131 132 133 134 115 116 146 145 144 161 14 13 17 35 41 155 42 45 44 46 47 48 168 72 78 82 79 80 81 3 4 5 169 111 110 109 100 102 103 117 118 119 120 121 122 123 162 101 112 0 3557 
0 1 2 3 4 5 169 111 112 132 133 134 131 115 116 100 102 103 117 118 119 120 121 122 123 162 101 104 114 113 164 127 126 125 124 129 136 137 138 139 140 141 6 7 8 9 10 76 74 75 11 12 18 19 20 158 32 36 157 33 31 30 28 29 16 17 37 38 39 40 156 34 35 41 155 44 45 46 47 48 51 52 53 43 55 54 58 59 60 61 68 67 167 70 87 85 86 93 166 108 83 84 69 66 64 56 57 62 63 65 88 153 154 89 90 91 94 96 97 165 163 99 98 95 92 71 73 170 49 50 168 72 78 82 79 80 81 110 109 107 106 105 128 130 135 146 145 144 143 147 148 149 161 160 151 152 142 14 15 159 13 21 22 23 26 24 25 150 27 42 77 0 3429 
0 1 2 77 73 170 49 50 51 52 53 43 55 54 58 59 60 61 68 67 167 70 87 85 86 93 166 108 83 84 66 63 65 64 56 57 62 69 94 96 97 165 163 99 100 102 103 117 118 119 120 121 122 123 162 101 104 114 113 164 127 126 125 136 137 138 139 140 141 6 7 8 9 10 76 74 75 11 12 18 19 20 158 32 36 157 33 31 30 28 29 27 26 23 24 15 159 16 17 21 22 25 150 160 151 14 13 37 35 34 156 40 39 38 44 46 47 48 168 72 78 82 79 80 81 111 112 132 133 169 110 109 107 106 105 98 95 92 91 154 89 90 88 153 71 41 155 42 45 3 4 5 134 131 115 116 124 129 128 130 135 146 145 144 143 147 148 149 161 152 142 0 3392 
0 1 2 77 78 82 79 80 81 3 4 5 169 111 112 132 133 134 131 115 116 124 129 128 130 135 138 139 140 141 6 7 8 9 10 76 74 75 11 12 18 19 20 158 32 31 33 34 156 40 39 38 37 35 36 157 41 155 45 46 47 48 51 52 53 43 55 54 58 59 60 61 68 67 167 70 87 85 86 93 166 108 83 84 69 66 63 64 56 57 62 65 92 91 154 89 90 88 153 94 96 97 165 163 99 98 95 104 114 113 164 127 126 125 146 145 144 143 136 137 147 148 149 161 152 151 14 13 17 21 22 23 26 27 28 29 30 15 159 16 24 25 150 160 142 110 109 107 106 105 100 102 103 117 118 119 120 121 122 123 162 101 168 72 71 73 170 49 50 42 44 0 3572 
0 3 4 5 169 111 112 132 133 134 131 115 116 124 121 120 122 123 162 102 103 117 118 119 129 128 130 135 138 139 140 141 6 7 8 9 10 76 74 75 11 12 18 19 20 158 32 36 157 34 156 40 39 38 35 41 155 42 45 44 46 47 48 51 52 53 43 55 54 58 59 60 61 68 67 167 70 87 85 86 93 166 108 83 84 69 66 63 64 56 57 62 65 90 94 96 97 165 163 99 100 101 98 95 92 91 154 89 88 153 71 50 49 170 73 77 1 2 110 109 107 106 105 104 114 113 164 127 126 125 136 137 146 145 144 143 147 148 149 161 160 150 25 24 15 159 16 168 72 78 82 79 80 81 142 152 151 14 13 17 21 22 23 26 27 28 29 30 31 33 37 0 3273 
0 49 170 73 77 1 2 81 80 79 82 78 72 71 60 61 68 67 167 70 87 85 86 83 84 69 66 65 64 56 57 62 63 88 153 154 89 90 91 94 96 97 165 163 99 98 95 92 93 166 108 107 106 105 100 102 103 117 118 119 120 121 122 123 162 101 104 114 113 164 127 126 125 129 128 130 135 138 139 140 142 152 151 160 150 25 149 148 147 137 136 146 145 144 143 14 13 17 21 22 23 26 27 28 29 30 31 33 34 156 40 39 38 37 35 36 157 41 155 42 45 44 46 47 48 51 52 53 43 55 54 58 59 50 168 111 110 109 115 116 124 131 132 133 134 141 6 7 8 9 10 76 74 75 11 12 18 19 20 158 32 15 159 16 24 161 3 4 5 169 112 0 3526 
