0 1 2 77 73 170 49 50 51 52 53 43 55 54 58 59 60 61 68 67 167 70 87 85 86 93 166 108 83 84 71 66 63 64 56 57 62 69 65 88 153 154 89 90 91 94 96 97 165 163 99 100 102 103 117 118 119 120 121 122 123 162 101 98 95 92 107 106 105 104 114 113 164 127 126 125 129 128 130 135 138 139 140 6 7 8 9 10 76 74 75 11 12 18 19 20 158 32 31 33 34 156 40 39 38 35 36 37 157 41 155 42 45 44 46 47 48 168 72 78 82 79 80 81 3 4 5 169 111 112 132 133 134 141 131 115 116 124 137 136 146 145 144 143 147 148 149 161 152 142 14 13 17 21 22 23 26 27 28 29 30 24 15 159 16 25 150 160 151 110 109 0 3341 
0 132 133 169 111 110 109 107 106 105 97 165 163 99 100 102 103 117 118 119 120 121 122 123 162 101 95 96 104 114 115 116 124 129 128 130 135 138 139 140 141 6 7 8 9 10 76 74 75 11 12 18 19 20 21 22 23 26 27 28 29 30 31 33 34 156 40 39 38 37 35 36 157 32 158 24 16 17 25 150 160 151 152 142 143 147 137 136 146 145 144 148 149 161 14 15 159 13 41 155 42 44 45 46 47 48 51 52 53 43 55 54 58 59 61 68 67 167 70 87 85 86 83 84 71 60 50 49 170 73 77 1 2 3 4 5 134 131 113 164 127 126 125 98 94 92 91 154 89 90 88 153 93 166 108 69 66 65 64 56 57 62 63 168 72 78 82 79 80 81 112 0 3436 
0 77 1 2 3 4 5 169 111 112 132 133 134 141 6 7 8 9 10 76 74 75 11 12 18 19 20 158 32 21 22 23 26 27 28 29 30 31 33 34 156 40 39 38 35 36 157 41 155 42 45 44 46 47 48 51 52 53 43 55 54 58 59 60 61 68 67 167 70 87 85 86 83 84 69 66 63 64 56 57 62 65 88 153 154 89 90 91 94 96 97 165 163 100 102 103 117 118 119 120 121 122 123 162 101 104 114 113 164 127 126 125 136 137 138 139 140 142 152 151 14 13 17 24 15 159 16 25 150 149 161 160 148 144 143 147 146 145 131 115 116 124 129 128 130 135 110 109 107 106 105 99 98 95 92 93 166 108 71 50 49 170 73 37 168 72 78 82 79 80 81 0 3297 
0 1 2 77 73 170 49 50 51 52 53 43 55 54 58 59 60 61 68 67 167 70 87 85 86 83 84 71 66 65 64 56 57 62 63 88 153 154 89 90 91 94 96 97 99 98 95 92 93 166 107 106 105 165 163 100 102 103 117 118 119 120 121 122 123 162 101 104 114 113 164 127 126 125 124 129 128 130 135 138 139 140 141 6 7 8 9 10 76 74 75 11 12 18 19 20 158 32 36 157 33 31 34 156 40 39 38 37 21 22 23 26 27 28 30 29 24 15 159 16 17 25 150 160 151 152 142 143 144 147 137 136 146 145 148 149 161 14 13 35 41 155 42 45 44 46 47 48 168 72 78 82 79 80 81 3 4 5 169 111 112 132 133 134 131 115 116 110 109 108 69 0 3397 
0 1 2 77 73 170 49 50 51 52 53 43 55 54 58 59 60 61 68 67 167 70 87 85 86 83 84 69 66 65 64 56 57 62 63 88 153 154 89 90 91 94 96 97 165 163 99 100 102 103 117 118 119 120 121 122 123 162 101 98 95 92 93 166 107 106 105 104 114 113 164 127 126 125 136 137 147 148 149 161 14 13 15 159 16 17 18 19 20 158 32 36 157 33 31 30 28 27 26 23 22 21 29 34 156 40 39 38 37 35 41 155 42 45 44 46 47 48 168 72 78 82 79 80 81 3 4 5 169 111 112 132 133 134 141 131 115 116 124 129 128 130 135 138 139 140 6 7 8 9 10 76 74 75 11 12 24 25 150 160 151 152 142 143 144 146 145 110 109 108 71 0 3400 
0 1 2 77 73 170 49 50 51 52 53 43 55 54 58 59 60 61 68 67 167 70 87 85 86 93 166 108 83 84 69 66 65 64 56 57 62 63 88 153 154 89 90 91 94 96 97 165 163 99 98 95 92 107 106 105 104 114 113 164 127 126 125 124 121 120 122 123 162 102 103 117 118 119 129 128 130 135 138 139 140 131 132 133 169 111 110 109 115 116 100 101 136 137 146 145 144 143 147 148 149 161 160 151 14 13 17 24 15 159 16 25 150 152 142 112 134 141 6 7 8 9 10 76 74 75 11 12 18 19 20 158 32 21 22 23 26 27 28 29 30 31 33 34 156 40 39 38 37 35 36 157 41 155 42 45 44 46 47 48 168 72 78 82 79 80 81 3 4 5 71 0 3512 
0 1 2 77 73 170 49 50 51 52 53 43 55 54 58 59 60 61 68 67 167 70 87 85 86 83 84 71 66 63 65 64 56 57 62 69 90 91 154 89 88 153 94 96 97 165 163 99 98 95 92 93 166 108 107 106 105 100 102 103 117 118 119 120 121 122 123 162 101 104 114 113 164 127 126 125 136 137 138 139 140 141 6 7 8 9 10 76 74 75 11 12 16 18 19 20 158 32 36 157 33 31 30 28 29 21 22 23 26 27 24 15 159 25 150 160 151 14 13 17 42 45 44 34 156 40 39 38 37 35 41 155 46 47 48 168 72 78 82 79 80 81 3 4 5 169 111 112 132 133 134 131 110 109 115 116 124 129 128 130 135 146 145 144 143 147 148 149 161 152 142 0 3493 
0 1 2 77 73 170 49 50 51 52 53 43 55 54 58 59 60 61 68 67 167 70 87 85 86 83 84 71 66 65 64 56 57 62 63 88 153 154 89 90 91 94 96 97 165 163 99 98 95 92 93 166 108 107 106 105 104 114 113 164 127 126 125 124 129 128 130 135 138 139 140 142 152 151 14 13 17 21 22 23 26 27 28 30 31 32 158 36 157 33 34 156 40 39 38 37 44 35 41 155 42 45 46 47 48 168 72 78 82 79 80 81 3 4 5 169 111 110 109 115 116 117 118 119 120 121 122 123 162 102 103 100 101 131 132 133 134 141 6 7 8 9 10 76 74 75 11 12 18 19 20 24 15 159 16 29 25 150 161 160 149 148 147 137 136 146 145 144 143 112 69 0 3548 
0 119 120 121 122 123 162 101 100 102 103 163 99 98 95 96 97 165 104 114 113 164 127 126 125 136 129 128 130 135 139 140 141 6 7 8 9 10 76 74 75 11 12 18 19 20 21 22 23 26 27 28 29 30 31 33 34 156 40 39 38 35 36 157 32 158 16 24 15 159 25 150 160 151 14 13 17 37 168 72 78 82 79 80 81 3 4 5 169 111 112 132 133 134 131 115 116 117 118 124 146 145 144 143 147 137 138 148 149 161 152 142 110 109 107 106 105 94 92 91 154 89 90 88 153 87 85 86 93 166 108 83 84 69 67 167 70 66 63 64 56 57 62 71 60 61 68 65 42 41 155 45 44 46 47 48 51 52 53 43 55 54 58 59 50 49 170 73 77 1 2 0 3426 
0 1 2 77 73 170 49 50 51 52 53 43 55 54 58 59 60 61 68 67 167 70 87 85 86 93 166 108 92 91 154 89 90 88 153 83 84 71 66 63 64 56 57 62 69 65 98 95 94 96 165 163 99 100 102 103 117 118 119 120 121 122 123 162 101 104 114 113 164 127 126 125 136 137 138 139 140 141 6 7 8 9 10 76 74 75 11 12 18 19 20 158 32 21 22 23 26 27 28 29 30 31 33 34 156 40 39 38 35 36 157 41 155 45 46 47 48 168 72 78 82 79 80 81 111 112 132 133 169 110 109 107 106 105 97 124 129 128 130 135 131 115 116 146 145 144 143 147 148 149 161 152 142 15 159 16 17 24 25 150 160 151 14 13 37 42 44 3 4 5 134 0 3516 
