0 1 2 77 73 170 49 50 51 52 53 43 55 54 58 59 60 61 68 67 167 70 87 85 86 83 84 69 66 63 64 56 57 62 65 88 153 154 89 90 91 94 96 97 165 163 100 102 103 117 118 119 120 121 122 123 162 101 104 114 113 164 127 126 125 129 136 137 138 139 140 141 6 7 8 9 10 76 74 75 11 12 18 19 20 158 32 36 157 33 34 156 40 39 38 35 41 155 46 47 48 168 72 78 82 79 80 81 3 4 5 169 111 112 132 133 134 131 115 116 124 128 130 135 146 145 144 143 147 148 149 161 14 13 17 21 22 23 26 27 28 29 30 31 42 45 44 37 24 15 159 16 25 150 160 151 152 142 110 109 107 106 105 99 98 95 92 93 166 108 71 0 3303 
0 69 67 167 70 87 85 86 83 84 71 60 61 68 66 63 56 57 62 64 65 88 153 154 89 90 91 94 96 97 165 163 99 98 95 92 93 166 108 107 106 105 104 114 113 164 127 126 125 124 121 120 122 123 162 102 103 117 118 119 129 128 130 135 138 139 140 6 7 8 9 10 76 74 75 11 12 18 19 20 158 32 36 157 41 155 42 45 46 47 48 51 52 53 43 55 54 58 59 50 49 170 73 77 1 2 3 4 5 169 111 110 109 100 101 115 116 136 137 146 145 144 143 147 148 149 161 150 160 151 14 13 17 25 24 15 159 16 21 22 23 26 27 28 29 30 31 33 34 156 40 39 38 37 35 44 168 72 78 82 79 80 81 112 132 133 134 141 152 142 131 0 3490 
0 1 2 77 73 170 49 50 51 52 53 43 55 54 58 59 60 61 68 67 167 70 87 85 86 83 84 69 66 63 64 56 57 62 65 88 153 154 89 90 91 94 96 97 99 98 95 92 93 166 108 107 106 105 165 163 100 102 103 117 118 119 120 121 122 123 162 101 104 114 113 164 127 126 125 124 129 128 130 135 138 139 140 141 6 7 8 9 10 76 74 75 11 12 18 19 20 158 32 36 157 33 31 30 28 29 22 23 26 27 25 150 160 151 152 142 143 144 14 13 17 24 15 159 16 21 42 44 71 37 38 39 40 156 34 35 41 155 45 46 47 48 168 72 78 82 79 80 81 3 4 5 169 111 110 109 115 116 136 137 147 148 149 161 146 145 134 131 132 133 112 0 3496 
0 1 2 77 73 170 49 50 51 52 53 43 55 54 58 59 60 61 68 67 167 70 87 85 86 83 84 69 66 65 64 56 57 62 63 88 153 154 89 90 91 94 96 97 165 163 99 98 95 92 93 166 108 107 106 105 100 102 103 117 118 119 120 121 122 123 162 101 104 114 115 116 136 137 138 139 140 6 7 8 9 10 76 74 75 11 12 18 19 20 158 32 36 157 33 31 30 28 29 22 23 26 27 16 17 24 15 159 13 35 41 155 42 45 44 46 47 48 168 72 78 82 79 80 81 3 4 5 169 111 112 132 133 134 131 113 164 127 126 125 124 129 128 130 135 146 145 144 143 147 148 149 161 14 152 142 141 110 109 71 34 156 40 39 38 37 21 25 150 160 151 0 3492 
0 1 2 77 73 170 49 50 51 52 53 43 55 54 58 59 60 61 68 67 167 70 87 85 86 83 84 69 66 65 64 56 57 62 63 88 153 154 89 90 91 94 96 97 165 163 100 102 103 117 118 119 120 121 122 123 162 101 104 114 113 164 127 126 125 136 137 138 139 140 141 6 7 8 9 10 76 74 75 11 12 18 19 20 21 22 23 26 27 28 29 30 31 33 34 156 40 39 38 37 32 158 36 157 41 155 42 45 46 47 48 168 72 78 82 79 80 81 3 4 5 169 111 112 132 133 134 131 115 116 124 129 128 130 135 146 145 147 148 149 161 14 13 17 15 159 16 24 25 150 160 151 152 142 143 144 110 109 107 106 105 99 98 95 92 93 166 108 71 35 44 0 3414 
0 1 2 77 78 82 79 80 81 111 112 132 133 134 141 6 7 8 9 10 76 74 75 11 12 18 19 20 158 32 36 157 33 31 30 28 29 16 37 21 22 23 26 27 34 156 40 39 38 35 41 155 42 45 44 46 47 48 51 52 53 43 55 54 58 59 60 61 68 67 167 70 87 85 86 83 84 69 66 65 64 56 57 62 63 88 153 154 89 90 91 94 96 97 165 163 99 98 95 92 93 166 108 107 106 105 100 102 103 117 118 119 120 121 122 123 162 101 104 114 113 164 127 126 125 136 137 138 139 140 142 152 151 160 150 149 148 144 143 147 128 130 131 3 4 5 169 110 109 115 116 124 129 135 146 145 161 25 14 13 17 24 15 159 168 72 71 50 49 170 73 0 3573 
0 1 2 77 73 170 49 50 51 52 53 43 55 54 58 59 60 61 68 67 167 70 87 85 86 83 84 69 66 63 56 57 62 65 64 88 153 154 89 90 91 94 96 97 165 163 99 98 95 92 93 166 108 107 106 105 104 114 113 164 127 126 125 124 129 128 130 135 138 139 140 141 6 7 8 9 10 76 74 75 11 12 18 19 20 158 32 31 30 28 29 21 22 23 26 27 24 15 159 16 17 37 38 39 40 156 155 41 42 45 46 47 48 168 72 78 82 79 80 81 111 112 132 133 134 131 115 116 117 118 119 120 121 122 123 162 101 100 102 103 110 109 136 137 146 145 144 143 147 148 149 161 142 152 151 14 25 150 160 13 35 36 157 33 34 44 3 4 5 169 71 0 3432 
0 166 93 92 91 154 89 90 88 153 87 85 86 83 84 69 66 65 64 56 57 62 63 55 54 58 59 60 61 68 67 167 70 94 96 97 165 163 99 100 102 103 117 118 119 120 121 122 123 162 101 98 95 108 107 106 105 104 114 113 164 127 126 125 129 128 130 135 138 139 140 141 6 7 8 9 10 76 74 75 11 12 18 19 20 158 32 36 157 33 31 30 28 29 27 26 23 22 21 16 17 37 35 41 155 42 45 46 47 48 49 170 73 77 1 2 3 4 5 169 111 112 132 133 134 131 115 116 124 136 137 146 145 144 143 147 148 149 161 14 15 159 13 24 25 150 160 151 152 142 110 109 71 50 51 52 53 43 44 34 156 40 39 38 168 72 78 82 79 80 81 0 3314 
0 112 132 133 169 111 110 109 107 106 105 97 165 163 99 98 95 92 93 166 108 71 50 51 52 53 43 55 54 58 59 60 61 68 67 167 70 87 85 86 83 84 69 66 65 64 56 57 62 63 88 153 154 89 90 91 94 96 100 102 103 117 118 119 120 121 122 123 162 101 104 114 113 164 127 126 125 124 129 128 130 135 138 139 140 141 6 7 8 14 13 17 21 22 23 26 27 34 156 40 39 38 35 41 155 45 46 47 48 49 170 73 77 1 2 3 4 5 134 131 115 116 136 137 146 145 144 143 147 148 149 161 152 151 142 160 150 25 24 15 159 32 42 44 168 72 78 82 79 80 81 9 10 76 74 75 11 12 18 19 20 158 36 157 33 31 30 28 29 16 37 0 3437 
0 111 112 132 133 134 131 115 116 136 137 146 145 144 143 147 148 149 161 142 152 151 160 150 25 24 15 159 16 32 158 36 157 33 31 30 34 156 40 39 38 37 75 11 10 76 74 12 18 19 20 21 22 23 26 27 28 29 35 41 155 42 45 46 47 48 51 52 53 43 55 54 58 59 60 61 68 67 167 70 69 66 65 64 56 57 62 63 83 84 71 50 49 170 73 77 1 2 3 4 5 169 9 110 109 107 106 105 97 99 98 95 94 92 91 154 89 90 88 153 87 85 86 93 166 108 96 165 163 100 102 103 117 118 119 120 121 122 123 162 101 104 114 113 164 127 126 125 124 129 128 130 135 138 139 140 141 6 7 8 14 13 17 44 168 72 78 82 79 80 81 0 3378 
