0 168 72 78 82 79 80 81 111 112 132 133 169 110 109 107 106 105 97 165 163 99 98 95 96 104 114 113 164 127 126 125 124 121 120 122 123 162 102 103 117 118 119 129 128 130 135 138 139 140 141 6 7 8 9 10 76 74 75 11 12 18 19 20 158 32 36 157 33 31 30 28 29 26 23 22 16 17 21 27 24 15 159 13 38 40 34 156 39 37 49 170 73 77 1 2 3 4 5 134 131 115 116 100 101 136 137 146 145 144 143 147 148 149 161 142 152 151 14 25 150 160 42 45 35 41 155 44 46 47 48 51 52 53 43 55 54 58 59 60 61 68 67 167 70 87 85 86 93 166 108 83 84 69 66 63 64 56 57 62 65 88 153 154 89 90 91 94 92 71 50 0 3521 
0 77 1 2 3 4 5 169 111 112 132 133 134 131 113 164 127 126 125 124 121 120 122 123 162 101 100 102 103 117 118 119 129 128 130 135 138 139 140 141 6 7 8 9 10 76 74 75 11 12 18 19 20 158 32 31 30 28 29 24 15 159 16 17 21 22 23 26 27 25 150 160 151 152 142 143 147 137 136 146 145 144 148 149 161 14 13 37 38 39 156 40 34 35 36 157 33 41 155 44 46 47 48 51 52 53 43 55 54 58 59 60 61 68 67 167 70 69 66 65 64 56 57 62 63 42 45 50 49 170 73 168 72 78 82 79 80 81 110 109 107 106 105 97 165 163 99 98 95 94 96 104 114 115 116 108 166 93 92 91 154 89 90 88 153 87 85 86 83 84 71 0 3189 
0 1 2 77 73 170 49 50 51 52 53 43 55 54 58 59 60 61 68 67 167 70 87 85 86 93 166 108 83 84 69 66 63 64 56 57 62 65 88 153 154 89 90 91 94 96 97 165 163 99 100 102 103 117 118 119 120 121 122 123 162 101 104 114 113 164 127 126 125 129 136 137 138 139 140 141 6 7 8 9 10 76 74 75 11 12 18 19 20 158 32 21 22 23 26 27 28 29 30 31 33 34 156 40 39 38 45 46 47 48 168 72 78 82 79 80 81 111 112 132 133 169 110 109 107 106 105 98 95 92 71 35 36 157 41 155 42 44 37 3 4 5 134 131 115 116 124 128 130 135 146 145 144 143 147 148 149 161 160 151 14 13 17 15 159 16 24 25 150 152 142 0 3389 
0 1 2 77 78 82 79 80 81 3 4 5 169 111 112 132 133 134 131 115 116 124 129 128 130 135 138 139 140 141 6 7 8 9 10 76 74 75 11 12 18 19 20 158 32 21 22 23 26 27 28 29 30 31 33 34 156 40 39 38 35 36 157 41 155 44 46 47 48 51 52 53 43 55 54 58 59 60 61 68 67 167 70 87 85 86 93 166 108 83 84 69 66 63 64 56 57 62 65 88 153 154 89 90 91 94 96 97 165 163 99 100 102 103 117 118 119 120 121 122 123 162 101 104 114 113 164 127 126 125 136 137 146 145 144 143 147 148 149 161 160 150 15 159 16 24 25 142 152 151 14 13 17 37 42 45 168 72 73 110 109 107 106 105 98 95 92 71 50 49 170 0 3311 
0 1 2 77 73 170 49 50 51 52 53 43 55 54 58 59 60 61 68 67 167 70 87 85 86 83 84 69 66 65 64 56 57 62 63 88 153 154 89 90 91 94 96 97 165 163 100 102 103 117 118 119 120 121 122 123 162 101 104 114 113 164 127 126 125 124 129 128 130 135 138 139 140 141 6 7 8 9 10 76 74 75 11 12 18 19 20 158 32 36 157 33 31 30 28 29 24 15 159 16 37 38 39 40 156 34 35 41 155 42 45 44 46 47 48 168 72 78 82 79 80 81 3 4 5 169 111 112 132 133 134 131 115 116 136 137 147 148 149 161 14 13 17 21 22 23 26 27 25 150 160 151 152 142 143 144 146 145 110 109 107 106 105 99 98 95 92 93 166 108 71 0 3283 
0 3 4 5 169 111 112 132 133 134 131 113 164 127 126 125 124 121 120 122 123 162 102 103 117 118 119 129 128 130 135 138 139 140 141 6 7 8 9 10 76 74 75 11 12 18 19 20 158 32 21 22 23 26 27 28 29 30 31 33 34 156 40 39 38 35 36 157 41 155 42 45 46 47 48 51 52 53 43 55 54 58 59 60 61 68 67 167 70 87 85 86 93 166 108 83 84 69 66 63 64 56 57 62 65 88 153 154 89 90 91 94 96 97 165 163 99 100 101 104 114 115 116 136 137 146 145 144 143 147 148 149 161 14 13 17 24 15 159 16 25 150 160 151 152 142 37 44 168 72 78 82 79 80 81 110 109 107 106 105 98 95 92 71 50 49 170 73 77 1 2 0 3292 
0 1 2 77 73 170 49 50 51 52 53 43 55 54 58 59 60 61 68 67 167 70 87 85 86 83 84 69 66 65 64 56 57 62 63 88 153 154 89 90 91 94 96 97 165 163 99 100 102 103 117 118 119 120 121 122 123 162 101 104 114 113 164 127 126 125 136 137 138 139 140 141 6 7 8 9 10 76 74 75 11 12 18 19 20 158 32 31 33 34 156 40 39 38 37 21 22 23 26 27 28 29 30 24 15 159 16 25 150 160 151 152 142 134 131 115 116 124 129 128 130 135 146 145 144 143 147 148 149 161 14 13 17 36 157 41 155 42 45 46 47 48 168 72 78 82 79 80 81 3 4 5 169 111 112 132 133 110 109 107 106 105 98 95 92 93 166 108 71 35 44 0 3336 
0 69 67 167 70 87 85 86 93 166 108 83 84 71 60 61 68 66 65 64 56 57 62 63 44 46 47 48 51 52 53 43 55 54 58 59 50 49 170 73 77 1 2 3 4 5 169 111 112 132 133 134 131 113 164 127 126 125 136 137 138 139 140 141 6 7 8 9 10 76 74 75 11 12 18 19 20 158 32 31 30 28 29 22 23 26 27 24 15 159 16 21 36 157 33 34 156 40 39 38 37 35 41 155 42 45 168 72 78 82 79 80 81 110 109 107 106 105 97 165 163 99 100 102 103 117 118 119 120 121 122 123 162 101 98 95 92 91 154 89 90 88 153 94 96 104 114 115 116 124 129 128 130 135 146 145 144 143 142 152 151 14 13 17 25 150 161 160 149 148 147 0 3370 
0 1 2 77 73 170 49 50 51 52 53 43 55 54 58 59 60 61 68 67 167 70 87 85 86 93 166 108 83 84 69 66 63 64 56 57 62 65 88 153 154 89 90 91 94 96 97 165 163 99 100 102 103 117 118 119 120 121 122 123 162 101 98 95 92 107 106 105 104 114 113 164 127 126 125 136 137 138 139 140 141 6 7 8 14 13 17 21 22 23 26 27 28 29 30 31 33 34 156 40 39 38 37 158 32 36 157 41 155 45 46 47 48 168 72 78 82 79 80 81 3 4 5 169 111 112 132 133 134 131 115 116 124 129 128 130 135 146 145 144 143 147 148 149 161 15 159 16 24 25 150 160 151 152 142 9 10 76 74 75 11 12 18 19 20 35 42 44 110 109 71 0 3398 
0 1 2 77 73 170 49 50 51 52 53 43 55 54 58 59 60 61 68 67 167 70 87 85 86 93 166 108 83 84 69 66 65 64 56 57 62 63 88 153 154 89 90 91 94 96 97 165 163 99 100 102 103 117 118 119 120 121 122 123 162 101 98 95 92 107 106 105 104 114 113 164 127 126 125 129 128 130 135 138 139 140 141 6 7 8 9 10 76 74 75 11 12 18 19 20 158 32 21 22 23 26 27 28 29 30 31 33 34 156 40 39 38 35 36 157 41 155 45 46 47 48 168 72 78 82 79 80 81 111 112 132 133 134 131 115 116 124 146 145 148 149 161 14 13 17 24 15 159 16 25 150 160 151 152 142 143 144 147 137 136 3 4 5 169 110 109 71 37 42 44 0 3456 
