0 25 1 9 33 27 28 3 4 29 30 5 6 8 32 7 31 11 18 17 36 14 16 45 39 21 20 38 37 40 47 26 22 41 43 42 2 19 44 15 35 34 13 46 23 12 24 10 0 2211 
0 17 36 23 34 13 46 14 16 45 20 38 18 12 32 6 24 4 3 33 27 28 2 41 43 22 40 47 26 42 1 25 37 10 8 9 29 30 5 31 7 35 15 19 44 39 21 11 0 2278 
0 9 33 27 28 3 4 29 30 5 6 24 10 8 32 7 23 12 31 11 18 17 36 14 16 45 20 38 37 40 47 26 22 41 43 42 2 19 44 15 35 34 13 46 39 21 1 25 0 2329 
0 1 9 33 27 28 3 24 4 29 30 5 6 10 8 32 7 31 11 18 17 36 14 16 45 20 38 37 40 47 26 22 41 43 42 2 19 44 15 35 34 13 23 12 46 39 21 25 0 2292 
0 1 9 33 27 28 3 4 29 30 10 8 32 7 31 5 6 24 2 41 19 44 15 16 45 39 21 20 38 18 17 36 14 35 34 13 46 23 12 11 37 40 47 26 22 43 42 25 0 2216 
0 9 33 27 28 3 4 29 30 5 6 24 10 8 32 7 31 11 18 17 36 14 16 45 20 38 37 40 47 26 22 41 43 42 2 19 44 15 35 23 12 34 13 46 39 21 1 25 0 2328 
0 25 1 9 33 27 28 3 24 4 29 30 5 6 10 8 32 7 31 11 18 17 36 14 16 45 20 38 37 40 47 26 22 41 43 42 2 19 44 15 13 46 23 12 34 35 39 21 0 2242 
0 46 36 14 16 45 20 38 18 17 12 32 6 24 4 3 33 27 28 2 41 22 40 47 26 42 1 25 37 10 8 9 29 30 5 31 7 23 13 34 35 15 19 44 39 21 43 11 0 2265 
0 25 18 17 36 14 16 45 20 38 37 10 8 9 29 30 5 31 7 23 34 13 46 35 15 19 44 39 21 11 12 32 6 24 4 3 33 27 28 2 41 43 22 40 47 26 42 1 0 2151 
0 28 2 3 33 27 4 29 30 5 31 6 9 24 10 8 32 7 23 34 13 46 36 14 16 45 20 38 18 17 12 35 15 19 44 39 21 40 47 26 22 41 43 42 1 25 37 11 0 2177 
