0 25 1 9 33 27 28 3 24 4 29 30 5 6 8 32 7 23 34 13 46 36 14 16 45 20 38 18 17 12 35 15 19 44 39 21 42 2 41 43 22 40 47 26 10 31 11 37 0 2087 
0 25 1 9 33 27 28 3 24 4 29 30 5 6 10 8 11 37 38 18 17 36 14 16 45 39 19 44 15 35 34 13 46 23 12 32 7 31 2 41 43 22 40 47 26 42 21 20 0 2019 
0 25 1 9 33 27 28 3 24 4 29 30 5 6 8 11 37 38 18 17 36 14 35 34 13 46 23 12 32 7 31 10 2 41 43 22 40 47 26 42 19 44 15 16 45 20 39 21 0 2068 
0 25 1 9 33 27 28 3 4 29 30 5 6 24 10 8 11 37 38 18 17 36 14 16 45 20 39 19 44 15 35 34 13 46 23 12 32 7 31 2 41 43 22 40 47 26 42 21 0 2147 
0 25 1 9 33 27 28 3 24 4 30 5 6 8 11 37 38 18 17 36 14 16 45 39 19 44 15 35 34 13 46 23 12 32 7 31 29 2 41 43 42 22 21 40 47 26 20 10 0 2062 
0 25 1 9 33 27 28 3 4 29 30 5 6 10 8 11 37 38 18 17 36 14 16 45 39 21 40 47 26 42 19 44 15 35 34 13 46 23 12 32 7 31 24 2 41 43 22 20 0 2016 
0 25 1 9 33 27 28 3 24 29 30 5 6 10 11 8 32 31 4 2 41 43 42 22 37 12 7 23 34 13 46 36 14 16 45 20 38 18 17 35 15 19 44 39 21 40 47 26 0 2049 
0 9 33 27 28 2 43 22 40 47 26 25 1 10 8 32 6 24 4 3 29 30 5 31 7 23 34 13 46 36 14 16 45 20 38 18 17 12 35 15 19 44 39 21 41 42 11 37 0 2125 
0 25 1 9 33 27 28 3 24 4 29 30 5 6 8 11 37 38 18 17 12 32 7 23 34 13 46 36 14 16 45 20 39 19 44 15 35 21 40 47 26 22 41 43 42 2 31 10 0 2013 
0 25 1 9 33 27 28 3 4 29 30 5 6 10 8 11 37 39 21 40 47 26 42 19 44 15 35 7 23 34 13 46 36 14 16 45 20 38 18 17 12 32 31 24 2 41 43 22 0 2103 
