0 9 33 27 28 3 24 4 29 30 5 6 10 8 32 7 31 11 18 17 36 14 16 45 20 38 37 47 26 22 41 43 42 2 19 44 15 35 23 12 34 13 46 39 21 40 1 25 0 2252 
0 13 34 46 36 14 16 45 20 38 18 17 12 32 6 24 4 3 33 27 28 2 41 43 22 40 47 26 1 25 37 10 8 9 29 30 5 31 7 23 35 15 19 44 39 21 42 11 0 2164 
0 25 37 10 11 8 9 29 30 5 31 7 23 34 35 15 19 44 39 21 13 46 36 14 16 45 20 38 18 17 12 32 6 24 4 3 33 27 28 2 41 43 42 22 40 47 26 1 0 2029 
0 34 13 46 36 14 15 16 45 20 38 18 17 12 32 6 24 4 3 33 27 28 2 41 43 22 40 47 26 42 1 25 37 10 8 9 29 30 5 31 7 23 35 39 19 44 21 11 0 2193 
0 22 19 44 15 35 34 13 46 23 12 32 7 31 10 11 18 17 36 14 16 45 20 38 37 39 21 9 29 30 5 6 24 4 3 33 27 28 2 41 43 40 47 26 42 1 25 8 0 2277 
0 37 38 35 15 19 44 39 21 10 11 8 32 7 23 34 13 46 36 14 16 45 20 18 17 12 6 24 4 3 33 27 28 29 30 5 31 9 2 41 43 22 40 47 26 42 1 25 0 2159 
0 25 1 9 33 27 28 3 4 29 30 5 18 17 36 14 16 45 20 38 37 39 21 40 47 26 22 42 2 41 43 19 44 15 35 34 13 46 23 12 6 24 10 8 32 7 31 11 0 2205 
0 18 17 35 15 12 32 6 24 4 3 33 27 28 2 41 43 22 19 44 39 21 40 47 26 42 1 25 11 8 10 9 29 30 5 31 7 23 34 13 46 36 14 16 45 20 38 37 0 2041 
0 37 38 20 39 21 40 47 26 22 41 43 42 2 19 44 15 35 34 13 46 23 12 32 7 31 9 33 27 28 3 24 4 29 30 5 6 10 8 11 25 1 18 17 36 14 16 45 0 2153 
0 18 17 12 4 29 30 5 31 6 24 10 8 32 7 23 34 13 46 36 14 16 45 20 38 37 40 47 26 22 41 43 42 2 19 44 15 35 39 21 25 1 9 33 27 28 3 11 0 2254 
