0 25 1 37 38 18 17 36 14 16 45 39 19 44 21 40 47 26 42 9 29 30 5 31 7 23 34 13 46 35 15 12 32 6 24 4 3 33 27 28 2 41 43 22 20 11 8 10 0 2061 
0 25 1 9 33 27 3 24 4 29 30 5 6 10 8 11 37 39 21 40 47 26 42 28 2 41 43 22 19 44 15 35 34 13 46 36 14 16 45 20 38 18 17 12 32 7 23 31 0 1994 
0 25 1 9 33 27 28 3 24 4 29 30 5 6 10 8 11 37 38 18 17 36 14 16 45 39 19 44 15 35 34 13 46 23 12 32 7 31 2 41 43 22 40 47 26 42 21 20 0 2019 
0 25 1 9 33 27 28 3 4 30 5 6 24 10 8 11 37 38 18 17 36 14 16 45 39 19 44 15 35 34 13 46 23 12 32 7 31 29 2 41 43 42 22 20 21 40 47 26 0 2078 
0 25 1 9 33 27 3 4 29 30 5 6 24 10 8 11 37 38 18 17 36 14 16 45 39 21 40 47 26 42 28 2 41 43 22 19 44 15 35 34 13 23 12 32 31 7 46 20 0 2157 
0 25 1 9 33 27 3 24 4 29 30 5 6 10 8 11 37 39 21 40 47 26 42 28 2 41 43 22 19 44 15 16 45 20 38 18 17 36 14 35 34 13 46 23 12 32 7 31 0 1956 
0 25 1 37 38 18 17 36 14 16 45 39 19 44 21 20 11 8 10 9 33 27 28 3 4 29 30 5 31 7 23 34 13 46 35 15 12 32 6 24 2 41 43 22 40 47 26 42 0 2053 
0 25 1 9 33 27 28 3 24 4 29 30 5 6 10 8 11 37 38 18 17 36 14 34 13 46 23 12 32 7 31 2 41 43 22 40 47 26 42 19 44 15 35 16 45 39 21 20 0 2002 
0 25 1 9 33 27 28 3 24 4 30 5 6 10 8 11 37 39 19 44 15 35 23 34 13 46 36 14 16 45 20 38 18 17 12 32 7 31 29 2 41 43 22 40 47 26 42 21 0 2022 
0 25 1 9 33 27 28 3 24 29 30 5 6 10 8 11 37 39 19 44 15 35 23 34 13 46 36 14 16 45 20 38 18 17 12 32 7 31 4 2 41 43 22 40 47 26 42 21 0 2021 
