0 1 9 33 27 28 3 24 4 29 30 5 6 10 8 32 7 31 11 18 17 36 14 16 45 20 38 37 40 47 26 22 41 43 42 2 19 44 15 35 23 12 13 34 46 39 21 25 0 2261 
0 1 9 33 27 28 3 24 4 29 30 5 6 10 8 32 7 31 11 18 17 36 14 16 45 20 38 37 40 47 26 22 41 43 42 2 19 44 15 35 23 12 34 13 46 39 21 25 0 2261 
0 9 33 27 28 3 6 24 4 29 30 5 10 8 32 7 23 12 31 11 18 17 36 14 16 45 20 38 37 40 47 26 22 41 43 42 2 19 44 15 35 34 13 46 39 21 1 25 0 2289 
0 1 9 33 27 28 3 24 4 29 30 5 6 10 8 32 7 31 11 18 17 36 14 16 45 20 38 37 40 47 26 22 41 43 42 2 19 44 15 23 12 13 34 46 35 39 21 25 0 2261 
0 1 9 33 27 28 3 24 4 29 30 5 6 10 8 32 7 31 11 18 17 36 14 16 45 20 38 37 40 47 26 22 41 43 42 2 19 44 15 12 13 34 35 23 46 39 21 25 0 2314 
0 1 18 17 45 19 44 15 16 14 35 34 13 46 36 23 12 32 7 31 5 4 3 33 27 28 2 41 43 22 40 47 26 42 25 37 38 20 39 21 9 24 29 30 6 10 8 11 0 2127 
0 18 17 36 14 16 45 20 38 25 37 13 34 46 23 12 32 6 24 4 3 33 27 28 2 41 43 22 40 47 26 42 19 44 15 35 39 21 1 9 29 30 8 7 31 5 10 11 0 2311 
0 1 9 33 27 28 3 24 4 29 30 5 6 10 8 32 7 31 11 18 17 36 14 16 45 20 38 37 40 47 26 22 41 43 42 2 19 44 15 46 23 12 13 34 35 39 21 25 0 2281 
0 1 9 33 27 28 3 24 4 29 30 5 6 10 8 32 7 31 11 18 17 36 14 16 45 20 38 37 40 47 26 22 41 43 42 2 19 44 15 35 23 12 13 34 46 39 21 25 0 2261 
0 18 17 36 14 16 45 20 38 37 13 34 46 15 35 23 12 32 6 24 4 3 33 27 28 2 41 43 22 40 47 26 42 19 44 39 21 25 1 9 29 30 7 31 5 8 11 10 0 2228 
