0 25 1 9 33 27 28 3 24 4 29 30 2 41 43 22 40 47 26 42 19 44 15 16 45 20 38 18 17 46 36 14 35 34 13 23 12 32 8 11 37 39 21 7 31 5 6 10 0 2121 
0 25 47 22 40 20 38 37 39 19 44 15 35 23 34 13 12 32 7 31 10 8 11 18 17 46 36 14 16 45 21 26 1 9 33 27 28 3 24 4 29 30 5 6 2 41 43 42 0 2038 
0 25 1 9 33 27 3 24 4 29 30 5 31 6 10 11 8 32 7 23 13 46 36 14 16 45 20 38 40 47 26 22 41 43 42 28 2 18 17 12 34 35 15 19 44 39 21 37 0 2051 
0 25 1 9 33 27 3 24 4 29 30 5 6 10 11 8 32 13 34 35 15 23 12 7 31 37 18 17 46 36 14 16 45 20 38 47 26 22 41 43 42 28 2 19 44 39 21 40 0 2112 
0 25 1 9 33 27 2 28 3 24 4 29 30 5 31 6 11 10 8 32 7 23 34 13 46 36 14 16 45 20 38 37 18 17 12 35 15 19 44 39 21 41 43 22 40 47 26 42 0 1962 
0 25 1 9 33 27 28 3 24 4 29 30 5 6 10 8 11 18 17 36 14 16 45 20 38 37 40 47 26 22 41 43 19 44 15 35 34 13 46 23 12 32 7 31 2 42 39 21 0 2164 
0 25 1 9 33 27 28 3 24 4 29 30 5 6 10 8 32 2 41 43 22 40 47 26 42 21 20 37 38 18 17 46 36 14 16 45 39 19 44 15 35 34 13 23 12 7 31 11 0 2030 
0 25 1 9 33 27 2 28 3 24 4 29 30 5 6 10 11 8 32 7 31 18 17 46 36 14 16 45 20 38 37 47 26 22 41 43 42 39 21 40 19 44 15 35 23 34 13 12 0 2145 
0 25 1 9 33 27 28 3 24 4 29 30 5 6 2 41 43 22 40 47 26 42 19 44 15 35 14 16 45 20 38 18 17 34 13 46 36 23 12 32 7 31 10 8 11 37 39 21 0 2024 
0 25 1 9 33 27 2 28 3 24 4 29 30 5 6 10 11 8 32 7 31 37 18 17 36 14 16 45 20 38 40 47 26 22 41 43 42 19 44 15 35 34 23 12 13 46 39 21 0 2160 
